1000 0.11920928955078125000 9.177000 10 5 
1050 0.13260614304315476719 9.574286 10 5 
1100 0.11487440629438920581 9.595455 11 3 
1150 0.12107517408288043237 9.626957 11 5 
1200 0.11126200358072917129 9.591667 11 4 
1250 0.09689331054687500000 9.712800 11 5 
1300 0.10141959557166466133 9.699231 11 5 
1350 0.10896612096715856122 9.737778 11 6 
1400 0.09604862758091517461 9.758571 11 5 
1450 0.10325990874191810776 9.761379 11 2 
1500 0.09918212890625000000 9.790000 11 6 
1550 0.10767290669102821954 10.059355 11 5 
1600 0.10654330253601074219 10.063125 11 5 
1650 0.09695688883463542129 10.043636 11 5 
1700 0.08891610538258272467 10.055882 11 6 
1750 0.10626656668526786309 10.078286 11 6 
1800 0.10106298658582898997 10.106111 11 4 
1850 0.09639843090160472860 10.131892 11 6 
1900 0.09047357659590871126 10.135789 11 5 
1950 0.09976900540865384082 10.165641 11 5 
2000 0.09083747863769531250 10.149000 11 6 
2050 0.11513872844416921104 10.610732 11 6 
2100 0.10921841575985863360 10.557143 11 4 
2150 0.09592189345248909593 10.577674 12 5 
2200 0.09569254788485440089 10.586818 12 5 
2250 0.09971194797092014506 10.553778 12 6 
2300 0.10583711707073709118 10.557826 12 6 
2350 0.09161360720370678723 10.605532 12 5 
2400 0.10093053181966145371 10.658333 12 4 
2450 0.11512211390904017461 10.609796 12 6 
2500 0.09088516235351562500 10.626400 12 6 
2550 0.10237974279067095507 10.617255 12 5 
2600 0.09720142071063701816 10.737692 12 6 
2650 0.10121543452424823506 10.765283 12 5 
2700 0.12212329440646702006 10.759630 12 7 
2750 0.10221654718572442677 10.736000 12 6 
2800 0.10967254638671875000 10.743929 12 6 
2850 0.10448589659573738475 10.775088 12 6 
2900 0.10621958765490301102 10.786207 12 4 
2950 0.12704881571106990679 10.807119 12 6 
3000 0.12008349100748698379 10.790333 12 6 
3050 0.11037607662013319831 10.792787 12 5 
3100 0.10998018326297882841 11.058710 12 6 
3150 0.10490417480468750000 11.055238 12 6 
3200 0.09983777999877929688 11.039375 12 4 
3250 0.11414747971754807265 11.073231 12 5 
3300 0.10468743064186790404 11.053030 12 6 
3350 0.10191504635027985592 11.045970 12 6 
3400 0.10974266949821920303 11.062941 12 6 
3450 0.09944473487743432649 11.088406 12 6 
3500 0.09707042149135045039 11.086286 12 6 
3550 0.10550861627283231181 11.074085 12 4 
3600 0.09848011864556206751 11.106389 12 5 
3650 0.12678642795510489116 11.136164 12 7 
3700 0.09929811632311022485 11.124865 12 4 
3750 0.10420481363932292129 11.107200 12 5 
3800 0.11782897146124589327 11.131053 12 6 
3850 0.09889726514940137825 11.125714 12 5 
3900 0.10453737699068509082 11.123590 12 5 
3950 0.10405914692939081945 11.150886 12 5 
4000 0.09703636169433593750 11.150500 12 6 
4050 0.10649363199869792129 11.139506 12 6 
4100 0.10321779948909108604 11.574390 12 6 
4150 0.11438346770872552527 11.610843 12 6 
4200 0.10819662184942335781 11.586429 13 5 
4250 0.13020459343405330066 11.592235 13 6 
4300 0.10279721991960392991 11.580698 13 7 
4350 0.11246779869342672653 11.583448 13 5 
4400 0.10512091896750709596 11.601818 13 6 
4450 0.11835205421019136252 11.597753 13 5 
4500 0.10771221584743922994 11.582222 13 6 
4550 0.10647616543612636875 11.600220 13 5 
4600 0.10464502417522927868 11.607174 13 7 
4650 0.10659617762411793818 11.617634 13 5 
4700 0.10104889565325797518 11.626170 13 6 
4750 0.11228260241056743640 11.604632 13 5 
4800 0.10455648104349772598 11.621458 13 7 
4850 0.10628061196238723640 11.634021 13 7 
4900 0.11020777176837531774 11.641020 13 6 
4950 0.11285146077473957871 11.635758 13 6 
5000 0.11405944824218750000 11.661600 13 6 
5050 0.10311013401144801527 11.647921 13 6 
5100 0.11617062138576134123 11.631373 13 7 
5150 0.10832999516459344835 11.740583 13 7 
5200 0.10485832507793720059 11.737308 13 7 
5250 0.10794685000465029101 11.724381 13 7 
5300 0.11637525738410230136 11.738679 13 7 
5350 0.10347811975211740343 11.743738 13 6 
5400 0.10848045349121093750 11.728704 13 5 
5450 0.10359177895642202039 11.748624 13 6 
5500 0.11569803411310369823 11.761091 13 7 
5550 0.10511896631739160723 11.745045 13 6 
5600 0.10541507175990513789 11.743393 13 5 
5650 0.10802682522123893682 11.789558 13 7 
5700 0.10465320787931743640 11.784211 13 6 
5750 0.10971401048743206763 11.784174 13 4 
5800 0.10806938697551858597 11.797241 13 4 
5850 0.10979481232471954844 11.781709 13 5 
5900 0.11387517896749205226 11.785424 13 6 
5950 0.11191648595473345507 11.783697 13 6 
6000 0.10772546132405598496 11.792667 13 7 
6050 0.11180057998531120478 11.774711 13 7 
6100 0.11330745259269339731 11.785902 13 7 
6150 0.10695883898231071940 12.045691 13 7 
6200 0.11447937257828251501 12.031129 13 5 
6250 0.11222839355468750000 12.052320 13 7 
6300 0.11697648063538566843 12.049683 13 6 
6350 0.11185022789662278642 12.032598 13 7 
6400 0.10944902896881103516 12.037031 13 6 
6450 0.11466270269349564115 12.047907 13 6 
6500 0.10648140540489783867 12.036154 13 7 
6550 0.10952694725444298007 12.052672 13 6 
6600 0.10551828326600970476 12.039394 13 6 
6650 0.10827430208822838575 12.049023 13 6 
6700 0.10675458765741605016 12.063731 13 6 
6750 0.10681152343750000000 12.070963 13 7 
6800 0.11391499463249654678 12.074559 13 6 
6850 0.10640081698006957633 12.090365 13 2 
6900 0.10600988415704257206 12.061594 13 6 
6950 0.10823174346265175549 12.052518 13 5 
7000 0.10524477277483258730 12.058857 13 7 
7050 0.10679799614223182969 12.050071 13 6 
7100 0.10950464597890074980 12.069155 13 6 
7150 0.11454095373620519493 12.077203 13 5 
7200 0.10874536302354601003 12.109722 13 7 
7250 0.11467111521753771408 12.124828 13 6 
7300 0.10977052662470569711 12.119726 13 7 
7350 0.10743433115433673186 12.127211 13 7 
7400 0.11340991870777027140 12.117568 13 6 
7450 0.11456892794410654390 12.113154 13 5 
7500 0.11072158813476562500 12.123200 13 6 
7550 0.11283040836157388898 12.135497 13 5 
7600 0.10612763856586657218 12.120132 13 7 
7650 0.11042052624272365169 12.118954 13 7 
7700 0.11053952303799716161 12.148701 13 6 
7750 0.11185676820816532751 12.135871 13 7 
7800 0.11117030412722857247 12.139872 13 5 
7850 0.10730354649246118259 12.125987 13 6 
7900 0.10915949374814576389 12.129873 13 6 
7950 0.11258155294934159285 12.142013 13 5 
8000 0.10627508163452148438 12.133375 13 5 
8050 0.11452976961313567072 12.146460 13 3 
8100 0.10899555535964024211 12.153580 13 3 
8150 0.11166180569701399106 12.137546 13 6 
8200 0.11455721971465319953 12.573902 13 6 
8250 0.11288035999644886742 12.597455 13 7 
8300 0.11343553841832172691 12.569518 14 6 
8350 0.11047203383759823803 12.559042 14 7 
8400 0.11270954495384580274 12.579048 14 7 
8450 0.11215548543535040771 12.559053 14 6 
8500 0.10807373944450826553 12.572941 14 7 
8550 0.11084372537177905604 12.581053 14 7 
8600 0.11416368706281794509 12.573140 14 7 
8650 0.11215320212303558911 12.584393 14 7 
8700 0.10931628873978538330 12.587931 14 5 
8750 0.11051722935267857539 12.594514 14 7 
8800 0.11403452266346324195 12.580114 14 6 
8850 0.10943008681475105415 12.593333 14 7 
8900 0.11079766777124297472 12.583820 14 5 
8950 0.10895329480730621408 12.586034 14 7 
9000 0.11171234978569878626 12.575778 14 4 
9050 0.11241238420180853230 12.608729 14 7 
9100 0.11302612640045500703 12.593956 14 6 
9150 0.11050635999669142229 12.582951 14 7 
9200 0.11094238447106402612 12.593370 14 7 
9250 0.11611629176784206419 12.633081 14 6 
9300 0.11259509671118951568 12.621398 14 7 
9350 0.11209498114764371302 12.625882 14 5 
9400 0.11078854824634308540 12.628085 14 6 
9450 0.11166567524904927322 12.622857 14 5 
9500 0.11097757439864308626 12.626737 14 7 
9550 0.11022178290402077916 12.628691 14 7 
9600 0.11056661605834960938 12.621667 14 7 
9650 0.11431738502621033304 12.623523 14 6 
9700 0.11571903818661403995 12.622474 14 5 
9750 0.11204450558393429238 12.629333 14 6 
9800 0.11322449664680325765 12.640102 14 8 
9850 0.10964834145483026706 12.636041 14 8 
9900 0.11193631875394570441 12.641313 14 8 
9950 0.10957669972175329565 12.645126 14 7 
10000 0.11422634124755859375 12.644600 14 6 
