1000 0.20723819732666015625 56.660500 999 1 
1050 0.20678383963448659921 56.899200 1050 1 
1100 0.19875873218883166604 54.223882 1100 1 
1150 0.26419681051503057789 76.795400 1149 1 
1200 0.21529793739318847656 58.665908 1200 1 
1250 0.21040725708007812500 57.275128 1248 1 
1300 0.20108589759239783867 53.609338 1300 1 
1350 0.25604036119249129477 74.189326 1349 1 
1400 0.28040579387119840549 78.285771 1398 1 
1450 0.22313348178205819061 61.366517 1447 1 
1500 0.29775778452555340392 86.821400 1497 1 
1550 0.28297978062783518682 81.700781 1545 1 
1600 0.28149783611297607422 82.275531 1588 1 
1650 0.32096487103086529524 94.297636 1650 1 
1700 0.31204223632812500000 92.233359 1699 1 
1750 0.29985291617257253671 87.205526 1750 1 
1800 0.28797123167249893960 83.077433 1794 1 
1850 0.28046272896431589938 79.806492 1850 1 
1900 0.34372932032534952995 100.431979 1899 1 
1950 0.39123143905248397578 114.778190 1946 1 
2000 0.29359221458435058594 85.082130 1999 1 
2050 0.35067302424733232113 103.836210 2049 1 
2100 0.30653703780401320156 87.796410 2098 1 
2150 0.41745873384697490538 126.074028 2150 1 
2200 0.39323243227871979011 114.210673 2200 1 
2250 0.39605776468912762267 118.005333 2250 1 
2300 0.47500444495159649394 143.127883 2300 1 
2350 0.42660388540714344607 129.504226 2349 1 
2400 0.41555861632029217345 123.149479 2400 1 
2450 0.45733743784378988462 136.465327 2448 1 
2500 0.48874664306640625000 149.818572 2500 1 
2550 0.46250866908653109899 141.139784 2550 1 
2600 0.49527975229116588674 150.130492 2598 1 
2650 0.52904902764086458866 162.194004 2649 1 
2700 0.45827847939950450140 139.314952 2693 1 
2750 0.46236038208007812500 140.315731 2748 1 
2800 0.56518656866891048285 168.991286 2796 1 
2850 0.43032545792429072185 128.962256 2848 1 
2900 0.54228305816650390625 166.378648 2894 1 
2950 0.42061967364812302694 125.802519 2948 1 
3000 0.51946957906087243284 158.705990 2999 1 
3050 0.57358898100305777401 173.124734 3044 1 
3100 0.55631591427710747055 167.579423 3098 1 
3150 0.57574302431136847868 173.177781 3149 1 
3200 0.65948814153671264648 197.055528 3198 1 
3250 0.52044575030987083597 153.692785 3248 1 
3300 0.63170808734315819777 191.127473 3300 1 
3350 0.62261125934657768344 188.189555 3350 1 
3400 0.50859591540168314072 153.212732 3400 1 
3450 0.68067398624143737873 205.949577 3446 1 
3500 0.72951180594308040472 214.916414 3499 1 
3550 0.68034588451116861929 201.656003 3549 1 
3600 0.63874191708034944170 189.674939 3594 1 
3650 0.69094226784902079697 204.540847 3645 1 
3700 0.64077763944058807599 187.579557 3700 1 
3750 0.69432195027669274534 210.591824 3748 1 
3800 0.71238404826114054558 216.926318 3799 1 
3850 0.71605211728579043484 214.035255 3850 1 
3900 0.64966495220477760153 195.956310 3900 1 
3950 0.81056582776806018753 244.607086 3935 1 
4000 0.57667732238769531250 172.949952 3999 1 
4050 0.78356884143970628731 236.630086 4048 1 
4100 0.65145376251965037007 191.762051 4100 1 
4150 0.74263480772455059409 226.062484 4150 1 
4200 0.79596099399385000783 236.098771 4200 1 
4250 0.79780129825367651630 214.721367 4242 1 
4300 0.72861937589423597661 219.527533 4299 1 
4350 0.81860334023661995850 247.787108 4350 1 
4400 0.63440799713134765625 191.635909 4399 1 
4450 0.89237127411231564889 270.873474 4447 1 
4500 0.86164633433024084841 245.757013 4495 1 
4550 0.73095311175335897502 216.374677 4542 1 
4600 0.80616007680478307673 239.824493 4600 1 
4650 0.70854566430532806010 214.140097 4645 1 
4700 0.91304018142375542588 274.245891 4698 1 
4750 0.86598998621890421745 261.194185 4744 1 
4800 0.79311480124791466917 237.977852 4794 1 
4850 0.92843488319632938577 267.093647 4850 1 
4900 0.84743402442153614729 225.780745 4898 1 
4950 1.11077385719376375839 270.928061 4947 1 
5000 1.24827671051025390625 291.699426 4999 1 
5050 1.06466831547198914620 260.217515 5045 1 
5100 1.27793340121998499903 308.403298 5099 1 
5150 1.22266880516867026962 297.084190 5141 1 
5200 0.94543191102834844841 266.713885 5200 1 
5250 0.90409733000255765312 253.653286 5249 1 
5300 0.91110580372360516765 253.827587 5300 1 
5350 1.09265229412328412906 300.002221 5343 1 
5400 1.03661572491681130970 287.911933 5395 1 
5450 0.90223058648065690424 246.729055 5450 1 
5500 1.27762751145796338292 349.754862 5497 1 
5550 0.98039352142059055240 265.238032 5550 1 
5600 1.03314774377005447192 281.868659 5597 1 
5650 1.24768451251814860292 344.312379 5643 1 
5700 1.17417511187101664127 291.223416 5699 1 
5750 1.21805854465650464924 292.904153 5745 1 
5800 1.19650569455376976080 286.414945 5794 1 
5850 1.42646406450842189173 340.189595 5844 1 
5900 1.21880143375720018106 349.422959 5895 1 
5950 1.35253898235930103411 368.400508 5947 1 
6000 0.99168141682942712034 296.099210 5998 1 
6050 1.02720418252235612400 277.619699 6048 1 
6100 1.05979911616591149226 279.582172 6095 1 
6150 1.18407389012778674342 324.332971 6132 1 
6200 1.02416276931762695312 302.921955 6196 1 
6250 1.10785446166992196382 330.104933 6248 1 
6300 1.18179434821719220317 341.066335 6293 1 
6350 1.34883640319343633962 347.957244 6344 1 
6400 1.09616443514823913574 279.706131 6383 1 
6450 1.46593567012816428097 368.525974 6447 1 
6500 1.17558259230393624684 323.318725 6500 1 
6550 1.18017524253321060002 343.558893 6548 1 
6600 1.15550106221979320686 333.542152 6594 1 
6650 1.23438118095684767894 360.160054 6645 1 
6700 1.57626920671605352808 396.566727 6685 1 
6750 1.46662712097167968750 364.958747 6727 1 
6800 1.47919654846191406250 367.767853 6797 1 
6850 1.19601549023259301485 349.948236 6848 1 
6900 1.15007075710573047900 338.098312 6899 1 
6950 1.30082377426915885010 368.376747 6950 1 
7000 1.09674351555960525317 322.450524 6997 1 
7050 1.50091563556211204933 448.124963 7045 1 
7100 1.25639875170210713051 375.860968 7095 1 
7150 1.06631759163383010858 319.958926 7146 1 
7200 1.18649005889892578125 358.598321 7193 1 
7250 1.23814385512779501219 373.885055 7250 1 
7300 1.09410906491214277025 330.241181 7300 1 
7350 1.33094657846048569638 404.407751 7346 1 
7400 1.55064930786957622111 473.859503 7400 1 
7450 1.24040674043181753383 372.662856 7440 1 
7500 1.19638856252034497807 362.433571 7496 1 
7550 1.17715020842899553699 356.766475 7549 1 
7600 1.39290000263013347137 424.615325 7598 1 
7650 1.25815416473189212176 382.597111 7647 1 
7700 1.36694908142089843750 417.064101 7693 1 
7750 1.38613116356634313853 423.043043 7735 1 
7800 1.29030087055304121257 392.800887 7785 1 
7850 1.21795660371233704922 371.217685 7835 1 
7900 1.41356896750534644092 431.567882 7890 1 
7950 1.43448211861856322891 440.869936 7948 1 
8000 1.46435678005218505859 450.440387 7997 1 
8050 1.51687823467373106290 467.584361 8046 1 
8100 1.47540363264672547139 452.268277 8100 1 
8150 1.71275051093540309211 517.827270 8146 1 
8200 1.76542532153245890214 437.800209 8198 1 
8250 1.75454139709472656250 434.163606 8250 1 
8300 1.56839554568371131182 445.813395 8300 1 
8350 1.35956581481202642969 394.758640 8341 1 
8400 1.64633904184613899524 525.794490 8397 1 
8450 1.40289385643231101497 420.883609 8450 1 
8500 1.65225870469037228183 495.272028 8494 1 
8550 1.43829200700012571623 399.238333 8549 1 
8600 1.70967856118845396018 502.707490 8596 1 
8650 1.62479670750612470442 418.236457 8644 1 
8700 1.49961257803029024416 387.660860 8687 1 
8750 1.46888705662318641565 449.914693 8738 1 
8800 1.27125788818706175753 385.079570 8794 1 
8850 1.55161437341722385774 479.594402 8849 1 
8900 1.45668153012736456553 453.471871 8898 1 
8950 1.62242617687033541252 499.110951 8934 1 
9000 1.57237026426527237710 487.872797 8998 1 
9050 1.19180442219939686233 369.386262 9050 1 
9100 1.34273361373733690627 411.270356 9097 1 
9150 1.28944636694069125760 397.164172 9140 1 
9200 1.36038686918175732998 423.088143 9188 1 
9250 1.46119890986262146448 458.700631 9250 1 
9300 1.37583773623230642968 427.738813 9284 1 
9350 1.56155346549131013312 486.849012 9342 1 
9400 1.65266356569655403774 519.579686 9400 1 
9450 1.76938778508907912368 559.761747 9435 1 
9500 2.15743315847296468490 628.137232 9499 1 
9550 1.63498024665872465633 431.776487 9543 1 
9600 1.44661242763201403072 430.607250 9598 1 
9650 1.83846295806410409135 574.399537 9649 1 
9700 1.60722290117716060109 504.605035 9696 1 
9750 1.63668485788198614372 513.874502 9750 1 
9800 1.63736343383789062500 513.707681 9792 1 
9850 1.85468015331907309928 583.839544 9845 1 
9900 1.59222670275755606717 492.877867 9898 1 
9950 1.79663734819421816447 562.652194 9949 1 
10000 1.73034739494323730469 543.970624 10000 1 
