1000 0.73289871215820312500 240.269000 1000 1 
1050 0.88850657145182287966 297.361905 1044 1 
1100 0.70658597079190343937 236.007273 1075 1 
1150 1.74916308859120239738 577.128696 1117 1 
1200 1.34050846099853515625 491.588333 1165 9 
1250 1.23329162597656250000 433.541600 1248 5 
1300 1.06866543109600353745 363.371538 1279 1 
1350 1.95273646601924188992 633.213333 1348 1 
1400 1.34280749729701454065 435.400000 1389 1 
1450 2.07720131709657884755 709.295172 1385 1 
1500 2.05008188883463526864 721.089333 1499 1 
1550 1.33745131954070051172 457.907742 1541 1 
1600 1.34393572807312011719 412.995000 1590 1 
1650 1.54769781864050659514 477.917576 1640 1 
1700 1.18480009191176471894 385.370000 1692 1 
1750 2.69712720598493316260 940.303429 1750 7 
1800 1.18176142374674486568 407.678333 1710 1 
1850 1.35859927615603881534 466.625405 1804 1 
1900 2.63151369596782469529 919.295263 1896 1 
1950 1.02483309232271624367 352.504103 1949 1 
2000 2.58934497833251953125 912.429000 1955 1 
2050 1.79860650039300695724 606.688293 1997 1 
2100 2.45627902802966868734 823.920000 2094 1 
2150 2.17581904211709664665 754.234419 2137 1 
2200 2.84259969537908396831 980.088182 2152 10 
2250 4.00235917833116339182 1356.858667 2236 61 
2300 2.47996786366338328733 902.240000 2280 38 
2350 1.13243752337516623285 354.198723 2333 1 
2400 2.72641579310099269051 922.553750 2303 23 
2450 3.13476640350964608217 1157.113469 2450 9 
2500 3.66802215576171875000 1306.189600 2486 1 
2550 4.78922152051738692080 1629.111373 2524 1 
2600 3.81698975196251488740 1305.985769 2559 1 
2650 2.50366498839180406932 830.743019 2644 1 
2700 3.80101027312102157651 1209.386667 2692 1 
2750 2.89275429465553957087 994.051636 2744 89 
2800 1.86945710863385872180 630.700714 2783 1 
2850 2.83007036175644177689 896.210175 2845 1 
2900 5.33827419938712299796 1717.606552 2888 3 
2950 5.31907808982719831903 1769.424407 2888 24 
3000 4.07131512959798147477 1324.854333 2951 1 
3050 1.34624418665151135421 461.462623 3024 1 
3100 3.17796584098569789845 1107.827419 3076 29 
3150 4.98362949916294617481 1583.210476 3118 1 
3200 6.02081418037414550781 1968.362813 3191 5 
3250 4.07578394963191126266 1281.255077 3248 17 
3300 3.11092896894975146083 1030.777879 3300 1 
3350 4.51031015880072327917 1516.857910 3258 4 
3400 6.17462046006146625388 2041.661471 3391 30 
3450 3.02003777545431395524 1000.949275 3422 1 
3500 7.14778900146484375000 2253.541714 3479 1 
3550 4.52787103787274425315 1455.129014 3430 50 
3600 3.55793370140923403966 1171.964722 3568 1 
3650 4.26122587021083010228 1404.901644 3639 1 
3700 3.72764226552602417897 1246.997027 3676 1 
3750 3.33735148111979151864 1046.758933 3741 1 
3800 6.20540819670024657029 1995.112632 3795 1 
3850 3.78515813257787137047 1202.264675 3794 1 
3900 6.06958682720477771255 1989.182821 3898 45 
3950 7.97108758853960619462 2517.917468 3917 17 
4000 7.82245397567749023438 2473.541750 3966 78 
4050 4.67494682029441577242 1524.239259 4048 19 
4100 3.33349879195050480263 1064.421463 4099 1 
4150 3.56312257697783341115 1157.641687 4118 1 
4200 4.92061887468610503760 1619.319762 4198 1 
4250 4.61022994097541349845 1542.812235 4198 37 
4300 5.82672828851744206702 1897.541395 4275 1 
4350 1.78693354814902116701 567.967356 4347 1 
4400 3.99009747938676317958 1269.753864 4393 1 
4450 5.86140021849214321037 1887.642697 4448 1 
4500 3.46459282769097232091 1127.861333 4464 1 
4550 4.75516686072716332490 1502.249670 4507 1 
4600 5.99959622258725389088 1901.115435 4554 1 
4650 4.20544737128801227044 1294.236344 4577 1 
4700 9.65970627805019965706 3080.055745 4665 1 
4750 7.52433977629009032029 2382.273053 4731 14 
4800 5.34643729527791311540 1665.417292 4777 1 
4850 4.73700847822366277740 1529.949691 4827 1 
4900 5.04420728099589421589 1624.533061 4867 1 
4950 8.72501219161833141413 2762.817576 4937 1 
5000 4.61497306823730468750 1503.752800 4932 1 
5050 6.83699503983601442059 2220.352673 4991 21 
5100 4.84728345683976691305 1523.860784 5077 1 
5150 2.89213310167627435376 906.438058 5142 1 
5200 8.86949209066537669344 2882.358654 5190 20 
5250 9.51053982689267130013 2987.061714 5183 78 
5300 6.50095489789854763529 2145.119623 5285 11 
5350 7.05714537718585699366 2289.500187 5330 28 
5400 4.22963389643916354288 1362.478333 5355 1 
5450 7.77205195995645770068 2482.323853 5374 35 
5500 10.38525321266867962322 3258.041636 5433 83 
5550 7.21613566080729196273 2365.400721 5530 44 
5600 8.27908515930175781250 2597.369286 5568 1 
5650 5.24482895842695651112 1725.210796 5491 1 
5700 7.33651612934313313019 2312.717544 5623 1 
5750 8.83691207222316599257 2910.492696 5749 1 
5800 3.92342435902562636230 1282.131034 5795 1 
5850 8.16752767970419313315 2614.912479 5841 1 
5900 5.80589650040966009925 1875.717288 5893 1 
5950 4.71014936431115405213 1491.727395 5947 1 
6000 9.28858915964762310580 2915.507000 5942 31 
6050 4.40372908410947161428 1432.916198 6014 1 
6100 10.21940200055231784404 3180.470000 6014 137 
6150 5.15918421551464057018 1623.167317 6150 1 
6200 9.68079413137128241829 3008.156129 6143 114 
6250 4.33219909667968750000 1403.879040 6230 1 
6300 8.39275027078295465799 2675.537937 6243 9 
6350 5.10820253627506737359 1619.211339 6328 1 
6400 6.52085989713668823242 1993.843750 6361 1 
6450 5.70859095846959796461 1811.994574 6435 1 
6500 5.38734289316030690031 1791.929385 6429 1 
6550 9.86940078152955102553 3116.250076 6533 50 
6600 9.29247249256480856161 3004.516818 6541 1 
6650 10.55857292691567828058 3296.368872 6631 1 
6700 3.31156289399559833342 1021.549104 6668 1 
6750 10.24761906376591369394 3238.434074 6730 177 
6800 9.77162052603328845635 3053.750735 6798 6 
6850 10.19300335515154465327 3179.031971 6813 59 
6900 15.52343368530273437500 4849.925507 6897 20 
6950 8.19374331467443184351 2595.172950 6815 1 
7000 5.86782182965959808740 1879.250000 6825 1 
7050 11.50300316776789699702 3496.887234 7022 7 
7100 5.47576958025005477992 1694.242817 7095 1 
7150 4.22351010195858833640 1355.186993 7129 1 
7200 7.88708527882893850602 2476.909722 7176 1 
7250 3.22325476284684819817 1007.158483 7167 1 
7300 6.07990238764514678849 1924.576164 7277 1 
7350 10.38444285490074925349 3199.858639 7332 65 
7400 12.67230188524400880112 4019.677568 7324 308 
7450 6.78526475125511208120 2154.393826 7450 1 
7500 5.98402023315429687500 1858.871200 7485 1 
7550 7.14055749754242530258 2252.412583 7504 1 
7600 12.26102050982023605741 4062.596316 7581 29 
7650 10.57765063117532200465 3335.252810 7646 140 
7700 8.21286981756036915669 2664.179091 7611 1 
7750 9.68290144397366425721 3108.308258 7721 1 
7800 9.38950440822503473726 2967.140513 7794 1 
7850 5.72818100072775671094 1828.576051 7791 1 
7900 11.21750360802759161061 3461.253038 7892 1 
7950 13.36442599506498218886 4281.143145 7924 3 
8000 6.23622536659240722656 1995.136375 7940 1 
8050 7.28728608315035408793 2403.788944 8048 1 
8100 9.44125799485194860949 3061.956420 8083 1 
8150 14.67561429263624006580 4835.317914 8143 1 
8200 12.09631198790015282896 3798.009512 8192 1 
8250 9.29818008885239066785 3046.273333 8230 1 
8300 14.15620367211031549459 4416.579880 8255 15 
8350 8.15457212710808931888 2606.896647 8298 1 
8400 10.64811434064592710058 3359.481429 8285 1 
8450 8.43581363294251573848 2603.800828 8221 1 
8500 7.07163530237534487810 2125.995647 8422 1 
8550 8.27641515006795991383 2701.975322 8520 1 
8600 8.05419544840967915889 2587.131860 8545 1 
8650 13.19378097622380785481 4133.273757 8643 1 
8700 15.38380809213923328116 5265.164943 8684 1 
8750 15.38688114711216492481 4966.741829 8665 11 
8800 12.76731491088867187500 4151.787159 8772 43 
8850 13.65402997550317820696 4372.856158 8800 1 
8900 12.94915595751130155122 4555.710674 8841 24 
8950 11.83469868239077804617 4277.675084 8918 5 
9000 9.11749733818901830773 3336.665333 8888 1 
9050 9.35886446283667083890 3240.975580 8917 1 
9100 10.51407593947190477479 3354.073407 9034 1 
9150 6.06630669265496891285 2001.679126 9109 1 
9200 11.82991525401239840676 3818.829348 9177 292 
9250 5.05321090285842444700 1640.586054 9219 1 
9300 13.04454700921171372840 4242.442151 9264 3 
9350 13.74504782936789837322 4433.908556 9342 1 
9400 5.68958038979388280865 1858.358617 9398 1 
9450 16.53474474710131403299 5474.227196 9390 1 
9500 12.07783347681949059904 3918.080316 9448 1 
9550 8.45482212086622553215 2678.580419 9479 1 
9600 10.13661424318949322299 3282.053542 9549 1 
9650 9.05022102316426568791 3126.640415 9618 1 
9700 12.78943622235170352042 4149.397113 9509 5 
9750 12.97033750093900295042 4369.607179 9636 48 
9800 10.99968443111497506948 3602.278367 9783 1 
9850 12.49770827704879749831 4089.824772 9843 1 
9900 11.28740984984118611578 3754.521717 9842 1 
9950 9.55653550037786558846 3298.142010 9948 1 
10000 13.40959072113037109375 4393.666300 9985 1 
