1000 0.07681996822357177457 9.872368 1000 1 
1050 0.08093270801362537070 10.577042 1050 1 
1100 0.07982795888727362010 10.383064 1100 1 
1150 0.08093446233998173589 10.514820 1150 1 
1200 0.07907102505366007950 10.528421 1200 1 
1250 0.08296152114868164673 11.379230 1250 1 
1300 0.08392913524921123691 11.622108 1300 1 
1350 0.08318683836195203685 11.496949 1350 1 
1400 0.08438064370836530215 11.819525 1400 1 
1450 0.08521556854248046875 12.561100 1450 1 
1500 0.08521345456441244137 12.344290 1500 1 
1550 0.08719655006162581323 13.142978 1550 1 
1600 0.08842638134956359863 13.476945 1600 1 
1650 0.08963498202237216161 13.650603 1650 1 
1700 0.09009542184717514446 13.565740 1700 1 
1750 0.09067767007010323066 14.089203 1750 1 
1800 0.08976670106252034043 14.046665 1800 1 
1850 0.09101318668674777956 14.436365 1850 1 
1900 0.09188753680178993188 14.590550 1900 1 
1950 0.09443866289578951856 15.578302 1950 1 
2000 0.09322129487991333285 15.090128 2000 1 
2050 0.09524361680193645097 15.669704 2050 1 
2100 0.09381396429879325372 15.221987 2100 1 
2150 0.09711388654487076999 16.355283 2150 1 
2200 0.09750480001622979787 16.498776 2200 1 
2250 0.09787729051378038503 16.339337 2250 1 
2300 0.10116080615831457568 17.417449 2300 1 
2350 0.09981467876028507491 17.287967 2350 1 
2400 0.10218920310338337754 17.843258 2400 1 
2450 0.09976153471031967701 17.246091 2450 1 
2500 0.10363617897033691739 18.354700 2500 1 
2550 0.10246271245619829882 18.073571 2550 1 
2600 0.10475529157198391894 18.717806 2600 1 
2650 0.10382959977635797255 18.531010 2650 1 
2700 0.10449915462070041849 18.788801 2700 1 
2750 0.10486821261319247134 18.747691 2750 1 
2800 0.10576701164245605469 19.104309 2800 1 
2850 0.10791418008637010395 19.785811 2850 1 
2900 0.11067789176414752350 20.652145 2900 1 
2950 0.10951662871797206156 20.200559 2950 1 
3000 0.11288121541341146481 21.408733 3000 1 
3050 0.11524738249231557263 20.413542 3050 1 
3100 0.11436215523750550838 21.378101 3100 1 
3150 0.11124625281682090638 20.761903 3150 1 
3200 0.11679916083812713623 22.440328 3200 1 
3250 0.11334100869985727633 21.387574 3250 1 
3300 0.11696907968232125863 22.674736 3300 1 
3350 0.11375990198619330418 21.934327 3350 1 
3400 0.11859668703640208198 23.101778 3400 1 
3450 0.11982491396475529466 23.361566 3450 1 
3500 0.12010470799037388512 23.502971 3500 1 
3550 0.11883951240861920229 22.854883 3550 1 
3600 0.12329314814673529577 24.300847 3600 1 
3650 0.12279667919629240480 24.309891 3650 1 
3700 0.12461739617425042492 24.909254 3700 1 
3750 0.12388934453328449836 24.453314 3750 1 
3800 0.12127317252912019063 23.748325 3800 1 
3850 0.12609417407543627165 25.581350 3850 1 
3900 0.13087481718796950547 25.390526 3900 1 
3950 0.12387770640699169444 24.740428 3950 1 
4000 0.12802928686141967773 26.034562 4000 1 
4050 0.12899407634028681180 26.349174 4050 1 
4100 0.13203184197588666016 26.530250 4100 1 
4150 0.12870670226683100790 26.073594 4150 1 
4200 0.13357140336717879259 27.713706 4200 1 
4250 0.13106520596672507906 26.977117 4250 1 
4300 0.13360799190609953802 27.573046 4300 1 
4350 0.13289904868465729493 27.055855 4350 1 
4400 0.13945968042720446878 28.943629 4400 1 
4450 0.13592976130796283196 28.394744 4450 1 
4500 0.13703260421752930243 28.594780 4500 1 
4550 0.13346700353936835626 27.560997 4550 1 
4600 0.13970428964366082836 29.669653 4600 1 
4650 0.13573894193095545346 28.229299 4650 1 
4700 0.13872221682934052223 29.016373 4700 1 
4750 0.13578159934596012448 28.353783 4750 1 
4800 0.14828109244505563447 31.422227 4800 1 
4850 0.14434413320010469617 30.098300 4850 1 
4900 0.14916615583458725514 31.382580 4900 1 
4950 0.14049455854627820872 29.804533 4950 1 
5000 0.13875590324401854136 29.356823 5000 1 
5050 0.14822991531674223342 32.374415 5049 1 
5100 0.14646432446498497404 31.610201 5100 1 
5150 0.14602333365134823051 31.694130 5150 1 
5200 0.14951338217808649023 32.882188 5200 1 
5250 0.14443542843773252149 31.406821 5250 1 
5300 0.14777852454275455796 31.985709 5300 1 
5350 0.14949440733294619421 31.849760 5350 1 
5400 0.15465959354683203597 34.391533 5400 1 
5450 0.15187419226410192596 33.446510 5450 1 
5500 0.14902097095142710637 32.312323 5500 1 
5550 0.14688770191089525752 31.652808 5550 1 
5600 0.15851254122597829843 35.270530 5600 1 
5650 0.16056686165058506321 36.422590 5650 1 
5700 0.16341776596872428784 36.802696 5700 1 
5750 0.16477438885232675858 34.637777 5750 1 
5800 0.15893015368231411255 34.596478 5800 1 
5850 0.16136363021328917200 34.903317 5849 1 
5900 0.16057210049386752559 36.054672 5900 1 
5950 0.16220933048665023279 36.614787 5950 1 
6000 0.17402133941650391180 36.559971 6000 1 
6050 0.15802222638090779316 35.427004 6050 1 
6100 0.16454323002549467447 37.933512 6100 1 
6150 0.17049028427620244175 39.667262 6150 1 
6200 0.16493422754349246206 37.926409 6200 1 
6250 0.16772114181518554821 37.815536 6250 1 
6300 0.16357819617740690377 37.352944 6300 1 
6350 0.16299415948822743028 37.426392 6350 1 
6400 0.17163739353418350220 39.994892 6400 1 
6450 0.16751047622325809794 38.789491 6450 1 
6500 0.17047358659597544595 39.378524 6500 1 
6550 0.17581446116207211094 42.191869 6550 1 
6600 0.17045013109842935273 39.668498 6600 1 
6650 0.17755259607071266492 40.878974 6650 1 
6700 0.17039205778890581522 39.068363 6700 1 
6750 0.17577686309814452570 40.020302 6750 1 
6800 0.17316454648971557617 40.897923 6800 1 
6850 0.17870120584529680663 42.693178 6850 1 
6900 0.18074935069982556168 41.675262 6900 1 
6950 0.18011565860226858016 39.540927 6950 1 
7000 0.17151898656572614477 39.990521 7000 1 
7050 0.17803837728838547982 41.105993 7050 1 
7100 0.17708663873269525624 42.448607 7100 1 
7150 0.17971374605085466136 42.807300 7150 1 
7200 0.18697231345706516459 44.493512 7200 1 
7250 0.18505958688670190448 44.641031 7250 1 
7300 0.18225519297874137603 43.367427 7300 1 
7350 0.18455695132819974202 44.707223 7349 1 
7400 0.19351561971612879498 44.590279 7399 1 
7450 0.18085300522362626752 44.079940 7450 1 
7500 0.18703231493631999882 46.032802 7500 1 
7550 0.18567381789352718768 45.915266 7550 1 
7600 0.17750253175434313468 43.342481 7600 1 
7650 0.17964282378651738603 44.015319 7650 1 
7700 0.18054539197451108246 44.316785 7700 1 
7750 0.18979747526107296207 46.833917 7750 1 
7800 0.18423836964827317031 44.943657 7800 1 
7850 0.19132467743697439966 47.077877 7850 1 
7900 0.18905009499079064583 45.844724 7900 1 
7950 0.19628165802865657485 48.037374 7950 1 
8000 0.19476622641086577259 47.532814 8000 1 
8050 0.21361905743616707576 48.034006 8050 1 
8100 0.19900583337854454991 45.043991 8100 1 
8150 0.21499725646036535465 48.719836 8150 1 
8200 0.20890966857351908614 48.618302 8200 1 
8250 0.22417995568477747104 51.643535 8250 1 
8300 0.20874987165611910700 50.737634 8300 1 
8350 0.19744832501439990580 47.646742 8350 1 
8400 0.20814334210895357735 49.834709 8400 1 
8450 0.21327031716792541061 51.269634 8449 1 
8500 0.20582641433267032105 50.110572 8499 1 
8550 0.20932122838427449918 48.214830 8550 1 
8600 0.21386025118273357948 50.428433 8600 1 
8650 0.20785862035144961335 51.255583 8650 1 
8700 0.21270253740507980011 53.189152 8700 1 
8750 0.21272280011858257787 53.642210 8750 1 
8800 0.20583822239529003806 50.250277 8800 1 
8850 0.22193668117630951930 54.087002 8850 1 
8900 0.22272488240445598162 50.700032 8900 1 
8950 0.22030740077269142518 51.908374 8950 1 
9000 0.21612703005472819195 48.452241 9000 1 
9050 0.22603259955980500862 54.764150 9050 1 
9100 0.21990107179998041875 53.179394 9100 1 
9150 0.22664036776850132737 52.167728 9150 1 
9200 0.23489762389141580212 54.187535 9199 1 
9250 0.22919265386220571967 53.638408 9250 1 
9300 0.22617061676517610791 52.909940 9300 1 
9350 0.21684656296184356972 52.284581 9349 1 
9400 0.22216792309537847228 56.686603 9400 1 
9450 0.23456097658349092661 57.387986 9450 1 
9500 0.22868785607187372411 54.612291 9500 1 
9550 0.22589583421876918701 54.756864 9550 1 
9600 0.23566080133120217988 56.893486 9600 1 
9650 0.22665302741095191830 56.793959 9650 1 
9700 0.23672144437573619524 59.064380 9699 1 
9750 0.24261836761083357961 58.122206 9750 1 
9800 0.22138518703227139106 56.636477 9800 1 
9850 0.22735407872853544142 58.169192 9850 1 
9900 0.22283369122129498274 54.972184 9900 1 
9950 0.24039825123159130893 59.318122 9949 1 
10000 0.23423093318939208762 58.749831 10000 1 
