1000 0.09231927394866942804 9.141302 10 1 
1050 0.09478541782924107539 9.575820 11 1 
1100 0.09597600590098988305 9.587485 11 1 
1150 0.09703151039455247540 9.592934 11 1 
1200 0.10753750801086425781 9.625655 11 1 
1250 0.11087661743164062278 9.639930 11 1 
1300 0.10633538319514347636 9.738509 11 1 
1350 0.10185884546350550128 9.745533 11 1 
1400 0.10295835563114710820 9.749263 11 1 
1450 0.10257349343135438446 9.777680 11 1 
1500 0.10482788085937500000 9.786535 11 1 
1550 0.10349212154265373387 10.043623 11 1 
1600 0.10504239797592163086 10.047575 11 1 
1650 0.10404995715979373228 10.049232 11 1 
1700 0.10404321726630716416 10.061693 11 1 
1750 0.10388679504394530972 10.066010 11 1 
1800 0.10564506053924560547 10.119243 11 1 
1850 0.10485627200152422556 10.120142 11 1 
1900 0.10504976071809467297 10.123600 11 1 
1950 0.10384958218305538613 10.136906 11 1 
2000 0.10514495372772217352 10.141410 11 1 
2050 0.10771887476851300935 10.574042 12 1 
2100 0.10788550831022716836 10.575381 12 1 
2150 0.10725011381992073656 10.578383 12 1 
2200 0.10835393992337313818 10.586832 12 1 
2250 0.10705819659762912111 10.591074 12 1 
2300 0.10708849326423976189 10.592768 12 1 
2350 0.10743711349811960187 10.622562 12 1 
2400 0.10779538750648498535 10.625655 12 1 
2450 0.10701104572841099727 10.635848 12 1 
2500 0.10824803352355956421 10.639655 12 1 
2550 0.10702027526556276427 10.641230 12 1 
2600 0.10848160890432503867 10.738110 12 1 
2650 0.10743074597052808261 10.739748 12 1 
2700 0.10846410857306586217 10.745586 12 1 
2750 0.10860215967351739830 10.745885 12 1 
2800 0.11531108617782592773 10.749014 12 1 
2850 0.11832462277328759104 10.776036 12 1 
2900 0.11036596627070985321 10.777667 12 1 
2950 0.10889486539161812029 10.785812 12 1 
3000 0.10940304597218832028 10.786389 12 1 
3050 0.10978393867367604309 10.789168 12 1 
3100 0.11056125548578077389 11.043236 12 1 
3150 0.10939908406091114479 11.044514 12 1 
3200 0.11013402044773101807 11.047422 12 1 
3250 0.11017132539015550563 11.047787 12 1 
3300 0.11070903864773837255 11.049265 12 1 
3350 0.11111989661828795828 11.060639 12 1 
3400 0.11041662272285013291 11.061478 12 1 
3450 0.11083723151165505993 11.061970 12 1 
3500 0.10959148406982421875 11.066027 12 1 
3550 0.10964890600929796949 11.067204 12 1 
3600 0.11118284198972913646 11.119079 12 1 
3650 0.11081475427705947401 11.119598 12 1 
3700 0.11090919133779164607 11.120223 12 1 
3750 0.11231164932250976840 11.122280 12 1 
3800 0.11141869268919292468 11.123252 12 1 
3850 0.11168993912733994611 11.136649 12 1 
3900 0.11071425829178248301 11.136713 12 1 
3950 0.11180832416196412327 11.137325 12 1 
4000 0.11108713746070861261 11.141038 12 1 
4050 0.11028444619826328899 11.142121 12 1 
4100 0.11274915206723096217 11.573955 13 1 
4150 0.11338031722838620707 11.574175 13 1 
4200 0.11937513805571056680 11.575065 13 1 
4250 0.11503098992740407036 11.577258 13 1 
4300 0.11366953960684843261 11.578435 13 1 
4350 0.11376965182951126465 11.578880 13 1 
4400 0.11323359879580410792 11.586994 13 1 
4450 0.11371064453982235309 11.587902 13 1 
4500 0.12045405175950792132 11.590819 13 1 
4550 0.12136138664497124473 11.592095 13 1 
4600 0.12445799164150071758 11.592742 13 1 
4650 0.11509847640991210938 11.622078 13 1 
4700 0.11547595389345859107 11.622609 13 1 
4750 0.11466608047485352118 11.624526 13 1 
4800 0.11484327912330627441 11.625356 13 1 
4850 0.11491018963843277478 11.625752 13 1 
4900 0.11457969704452826420 11.635658 13 1 
4950 0.11390850279066297435 11.636348 13 1 
5000 0.11407651901245116632 11.639703 13 1 
5050 0.11365902305829643504 11.639877 13 1 
5100 0.12257619465098661127 11.641118 13 1 
5150 0.12636125897898256576 11.737626 13 1 
5200 0.13071490251100981173 11.737994 13 1 
5250 0.12500232060750324226 11.739172 13 1 
5300 0.12253299299276100565 11.739500 13 1 
5350 0.12862559345281013301 11.739952 13 1 
5400 0.11287320543218541669 11.745414 13 1 
5450 0.11676447107157575389 11.745794 13 1 
5500 0.11695785955949263013 11.746229 13 1 
5550 0.12060004311638909680 11.748098 13 1 
5600 0.11444549049649919981 11.748853 13 1 
5650 0.11506532989772019770 11.775985 13 1 
5700 0.11542556578652900245 11.776046 13 1 
5750 0.12296027307925017080 11.776326 13 1 
5800 0.11579589186043574844 11.777659 13 1 
5850 0.11645332972208659317 11.778057 13 1 
5900 0.11673106177378508863 11.785868 13 1 
5950 0.11603153453153722263 11.785941 13 1 
6000 0.11555523872375488004 11.786369 13 1 
6050 0.11521155381005657170 11.788340 13 1 
6100 0.11278746167167288950 11.789081 13 1 
6150 0.11755131124480952542 12.043220 13 1 
6200 0.11679765101402037053 12.043393 13 1 
6250 0.12308414840698242432 12.043726 13 1 
6300 0.12066684450422014707 12.044315 13 1 
6350 0.11936165216400868028 12.044747 13 1 
6400 0.11781439557671546936 12.047392 13 1 
6450 0.11794331646704858674 12.047448 13 1 
6500 0.11684923538794884934 12.047767 13 1 
6550 0.11676476383937224590 12.048766 13 1 
6600 0.11759662628173828125 12.049195 13 1 
6650 0.11757130371896844234 12.049346 13 1 
6700 0.12160074177073008916 12.060542 13 1 
6750 0.12126384664464880114 12.060737 13 1 
6800 0.11809751566718607041 12.061456 13 1 
6850 0.11726512352045434517 12.061775 13 1 
6900 0.11788457372914189214 12.061971 13 1 
6950 0.11750510442171165082 12.065700 13 1 
7000 0.11765370028359549426 12.065967 13 1 
7050 0.11759472569675309683 12.067180 13 1 
7100 0.11673572029865963984 12.067255 13 1 
7150 0.12057213016323276022 12.067576 13 1 
7200 0.12038238512145148229 12.118942 13 1 
7250 0.12103979834194840415 12.119369 13 1 
7300 0.11943432729538172588 12.119705 13 1 
7350 0.11990648710808786415 12.119691 13 1 
7400 0.11899582759754077921 12.119940 13 1 
7450 0.11925082238728568207 12.122135 13 1 
7500 0.11957026799519857030 12.122358 13 1 
7550 0.12346963692974570470 12.122536 13 1 
7600 0.12619076277080334969 12.123303 13 1 
7650 0.12361953461092281548 12.123476 13 1 
7700 0.11983427444061675593 12.136645 13 1 
7750 0.12890366892660817810 12.136626 13 1 
7800 0.11627971820342235254 12.136822 13 1 
7850 0.12029150640888577883 12.137280 13 1 
7900 0.11690103856823112760 12.137506 13 1 
7950 0.11546750338572375760 12.140901 13 1 
8000 0.11524982154369353693 12.140916 13 1 
8050 0.11501780504025287122 12.141054 13 1 
8100 0.11483586570362985801 12.142158 13 1 
8150 0.11569228201556058799 12.142325 13 1 
8200 0.11789505656172589998 12.574005 14 1 
8250 0.11736195882161458426 12.573915 14 1 
8300 0.11755929223026137520 12.574183 14 1 
8350 0.11691602261480457670 12.574798 14 1 
8400 0.11749901941844395625 12.575074 14 1 
8450 0.11701434603809604540 12.577183 14 1 
8500 0.11723723972544949912 12.577346 14 1 
8550 0.11723090612400345611 12.577389 14 1 
8600 0.11802315711975097656 12.578280 14 1 
8650 0.11771987352757096179 12.578574 14 1 
8700 0.11885215770239117294 12.578873 14 1 
8750 0.11838833672659737628 12.586704 14 1 
8800 0.11724089492451060524 12.586839 14 1 
8850 0.11726654990244719801 12.587401 14 1 
8900 0.11792813526110702826 12.587628 14 1 
8950 0.11959870833924363120 12.587881 14 1 
9000 0.11786735322740342358 12.590787 14 1 
9050 0.11801304738165924180 12.591050 14 1 
9100 0.11861288940513527168 12.592095 14 1 
9150 0.11750662652521184914 12.592182 14 1 
9200 0.11886059978733891362 12.592540 14 1 
9250 0.11787679002091691616 12.621644 14 1 
9300 0.11844859328321231950 12.621742 14 1 
9350 0.11724999881683186020 12.622268 14 1 
9400 0.11908413247859224449 12.622286 14 1 
9450 0.12310262710329085423 12.622725 14 1 
9500 0.13257001575670743221 12.624529 14 1 
9550 0.12003710382271812196 12.624453 14 1 
9600 0.12865045169989267060 12.625177 14 1 
9650 0.12957861757031377548 12.625476 14 1 
9700 0.12969559738316485675 12.625573 14 1 
9750 0.12987897579486554211 12.635602 14 1 
9800 0.13027190918825110044 12.635796 14 1
9850 0.12921452885351811246 12.635607 14 1 
9900 0.12849539698976458757 12.636173 14 1 
9950 0.12605832210138215310 12.636479 14 1 
10000 0.12880298614501953236 12.639649 14 1 
