1000 0.32877922058105468750 9.167000 10 5
1050 0.07175263904389880820 9.597143 11 5
1100 0.07651068947531959596 9.612727 11 6
1150 0.07235485574473506099 9.603478 11 6
1200 0.07530053456624348496 9.619167 11 5
1250 0.07190704345703125000 9.654400 11 5
1300 0.07409315842848557265 9.777692 11 5
1350 0.08583068847656250000 9.763704 11 5
1400 0.09110995701381138789 9.742857 11 6
1450 0.07185442694302263122 9.769655 11 6
1500 0.09552637736002604629 9.796000 11 6
1550 0.08552305160030242159 10.039355 11 6
1600 0.07614493370056152344 10.034375 11 6
1650 0.08019534024325283839 10.061818 11 7
1700 0.07334877462948069526 10.074706 11 5
1750 0.07983616420200892461 10.069143 11 5
1800 0.07337994045681422994 10.116667 11 5
1850 0.07835594383445945721 10.115676 11 5
1900 0.08394843653628700220 10.134737 11 3
1950 0.08240724221254006054 10.116923 11 6
2000 0.07760524749755859375 10.149000 11 5
2050 0.08199273086175686009 10.563902 11 5
2100 0.07799693516322545039 10.565714 12 6
2150 0.08272570233012355168 10.609302 12 6
2200 0.07781115445223721339 10.591818 12 5
2250 0.07851918538411457871 10.634667 12 6
2300 0.08344650268554687500 10.576087 12 4
2350 0.08501905076047207299 10.620851 12 6
2400 0.08891026178995768692 10.635417 12 5
2450 0.08875009964923469274 10.620816 12 4
2500 0.08459091186523437500 10.626800 12 5
2550 0.07227355358647365169 10.658431 12 6
2600 0.08445519667405348985 10.741154 12 6
2650 0.09122884498452241142 10.740755 12 5
2700 0.08265177408854167129 10.754074 12 7
2750 0.08539720015092329419 10.755273 12 7
2800 0.08370195116315569395 10.749286 12 6
2850 0.08198252895422149245 10.760702 12 5
2900 0.08311764947299299378 10.774483 12 6
2950 0.08777036505230402519 10.788136 12 5
3000 0.08630752563476562500 10.779000 12 6
3050 0.08731591896932633379 10.805902 12 7
3100 0.09421379335464970251 11.055484 12 6
3150 0.08477105034722222376 11.037143 12 5
3200 0.08925795555114746094 11.051875 12 5
3250 0.08260286771334134082 11.067077 12 6
3300 0.08575844042228930597 11.046364 12 5
3350 0.08675589490292677508 11.035821 12 7
3400 0.08667216581456801960 11.079706 12 6
3450 0.08659086365630661031 11.071014 12 6
3500 0.09155273437500000000 11.082571 12 6
3550 0.09879259996011223455 11.063380 12 6
3600 0.08391009436713324499 11.137778 12 6
3650 0.08445896514474529604 11.123836 12 6
3700 0.08151337907120988213 11.114595 12 7
3750 0.10776519775390625000 11.119733 12 4
3800 0.08576794674521998063 11.117632 12 5
3850 0.08781234939377029203 11.134805 12 5
3900 0.08008418939052483476 11.125897 12 4
3950 0.08456314666361748611 11.135696 12 5
4000 0.07992982864379882812 11.132750 12 6
4050 0.08571295090663580418 11.159012 12 6
4100 0.08373725705030488076 11.551951 12 6
4150 0.08583068847656250000 11.563614 12 6
4200 0.09025846208844866270 11.581190 13 6
4250 0.08695265826056985947 11.588000 13 6
4300 0.08017517799554868541 11.575116 13 7
4350 0.08731052793305495163 11.565977 13 7
4400 0.08328394456343217456 11.592273 13 5
4450 0.08872385775105337546 11.597303 13 6
4500 0.09261237250434027624 11.592667 13 6
4550 0.09038946130773523047 11.597143 13 5
4600 0.08914781653362771618 11.578478 13 6
4650 0.08126740814537129765 11.617849 13 6
4700 0.08999033177152593321 11.615319 13 6
4750 0.09004693282277960453 11.610526 13 5
4800 0.09218851725260417129 11.619167 13 7
4850 0.08799366115294780799 11.627010 13 5
4900 0.09132891285176179819 11.635918 13 5
4950 0.08298893167514993785 11.631111 13 6
5000 0.08840560913085937500 11.652600 13 6
5050 0.09107117605681466777 11.649703 13 7
5100 0.08681241203756893954 11.635098 13 6
5150 0.08550662438846329261 11.735922 13 5
5200 0.09335004366361178418 11.731731 13 6
5250 0.08932749430338542129 11.735619 13 6
5300 0.08479604181253684592 11.730943 13 5
5350 0.09247075731509199481 11.751963 13 6
5400 0.09647122135868778370 11.737407 13 6
5450 0.09024908783238962118 11.762936 13 7
5500 0.09064240889115766919 11.741636 13 7
5550 0.08686168773754222860 11.765045 13 7
5600 0.08936439241681780332 11.743929 13 5
5650 0.08962850655074668105 11.765664 13 4
5700 0.09248131199886924780 11.767018 13 5
5750 0.08529165516728939855 11.786783 13 7
5800 0.09216111281822467194 11.784138 13 7
5850 0.09194398537660256054 11.781880 13 6
5900 0.08958881184206170245 11.796441 13 6
5950 0.08587075882599133625 11.801849 13 6
6000 0.09091695149739582871 11.801167 13 5
6050 0.09241182942035769399 11.777190 13 5
6100 0.09216246057729252095 11.791967 13 7
6150 0.08800165440008891893 12.037561 13 6
6200 0.10382744573777721864 12.025968 13 6
6250 0.09246826171875000000 12.048320 13 7
6300 0.09559449695405505820 12.044444 13 7
6350 0.08680689053272637457 12.039685 13 6
6400 0.09007751941680908203 12.052344 13 4
6450 0.09292779966842296124 12.037054 13 6
6500 0.08755463820237380235 12.040923 13 7
6550 0.08648588457180343692 12.057863 13 6
6600 0.08788975802334872411 12.043788 13 4
6650 0.09088587940187382863 12.050977 13 7
6700 0.08974502335733441916 12.072537 13 6
6750 0.09254172996238425875 12.058815 13 6
6800 0.09126522961784810928 12.058824 13 6
6850 0.09070347695455063808 12.059562 13 5
6900 0.09443448937457540882 12.057391 13 6
6950 0.08926117162910296443 12.061151 13 7
7000 0.09444781712123326289 12.070857 13 6
7050 0.08890814815007203054 12.047660 13 4
7100 0.09053189989546654715 12.060986 13 7
7150 0.08979877391895213501 12.065734 13 6
7200 0.09023480945163303568 12.116806 13 6
7250 0.09059906005859375000 12.120552 13 5
7300 0.08863945529885487729 12.108082 13 7
7350 0.08404660387104059827 12.118095 13 6
7400 0.09404646383749472316 12.124459 13 7
7450 0.09309525457804634918 12.118121 13 7
7500 0.08509953816731770371 12.125200 13 7
7550 0.08908328631066328440 12.126755 13 7
7600 0.08972067581979852047 12.127105 13 4
7650 0.09848401437397875935 12.128235 13 6
7700 0.09267361133129566053 12.128701 13 5
7750 0.09207571706464214023 12.145935 13 4
7800 0.09386967390011517753 12.131154 13 6
7850 0.08901972679575537173 12.132866 13 7
7900 0.09497509726995154167 12.140253 13 7
7950 0.09455770816443101467 12.145912 13 6
8000 0.08967518806457519531 12.143750 13 6
8050 0.09228724130192157704 12.142981 13 7
8100 0.08759675202546296502 12.149506 13 5
8150 0.08700084101203028886 12.151288 13 5
8200 0.09551280882300400288 12.578049 13 6
8250 0.08851831609552557323 12.580970 13 7
8300 0.09393117514001317336 12.578795 13 5
8350 0.09017076320990831395 12.585509 14 7
8400 0.08858385540190197305 12.584762 14 7
8450 0.09787858590571837936 12.580828 14 5
8500 0.09396496941061581454 12.580824 14 7
8550 0.09935501723261604134 12.572281 14 7
8600 0.09087629096452580491 12.587093 14 7
8650 0.08806327863924764965 12.582659 14 7
8700 0.09391499661851203384 12.576897 14 5
8750 0.09384155273437500000 12.578971 14 6
8800 0.08862126957286488305 12.587614 14 7
8850 0.09264649644409869711 12.604407 14 6
8900 0.09223316492659322519 12.584944 14 6
8950 0.09480801374552635941 12.596425 14 6
9000 0.09094344245062933874 12.596444 14 7
9050 0.09360234381744216015 12.599558 14 7
9100 0.09722762055449434004 12.581429 14 7
9150 0.08817578925461065642 12.587978 14 7
9200 0.08772248807160751283 12.595761 14 5
9250 0.08931031098236909271 12.628649 14 7
9300 0.08747141848328293667 12.627527 14 8
9350 0.08815112598439589497 12.625134 14 7
9400 0.08649014412088597281 12.630745 14 6
9450 0.09289494267216434620 12.633651 14 5
9500 0.09087512367650081579 12.607368 14 7
9550 0.09679045352636207744 12.634869 14 5
9600 0.09114543596903483536 12.617500 14 8
9650 0.09062376664710168617 12.624767 14 7
9700 0.09507248082111791065 12.621443 14 6
9750 0.09394914675981570762 12.632718 14 6
9800 0.09249667732083068084 12.619388 14 6
9850 0.09042962553537436943 12.631777 14 6
9900 0.09519885284732086672 12.638990 14 6
9950 0.09249203169166143879 12.628643 14 7
10000 0.09000301361083984375 12.641100 14 6 
