1000 0.10375976562500000000 9.141820 10 1 
1050 0.09825797308058965840 9.573924 11 2 
1100 0.09819377552379261742 9.588636 11 2 
1150 0.09854565496030061322 9.593539 11 2 
1200 0.10059674580891926621 9.623492 11 2 
1250 0.09960365295410156250 9.641944 11 3 
1300 0.09933618398813101602 9.733938 11 2 
1350 0.10035126297562210751 9.744015 11 2 
1400 0.10152544294084821230 9.747043 11 2 
1450 0.10071787340887661255 9.777076 11 2 
1500 0.09992758433024089004 9.787953 11 1 
1550 0.09977586807743195341 10.044755 11 3 
1600 0.09779930114746093750 10.050112 11 3 
1650 0.09763602054480349790 10.049612 11 3 
1700 0.09938127854291130270 10.060765 11 3 
1750 0.09854452950613838691 10.063211 11 1 
1800 0.10013315412733289622 10.120061 11 3 
1850 0.10127505740603885698 10.122924 11 3 
1900 0.10137181533010382328 10.122732 11 2 
1950 0.10115305582682292129 10.136733 11 2 
2000 0.10083079338073730469 10.139955 11 2 
2050 0.10158375995915110146 10.574956 12 1 
2100 0.10024933587937127910 10.573867 12 2 
2150 0.10573143182798873385 10.575847 12 2 
2200 0.10322549126364967409 10.587023 12 2 
2250 0.10105768839518229629 10.592956 12 2 
2300 0.10569821233334748822 10.592122 12 3 
2350 0.10235766147045378960 10.623740 12 1 
2400 0.10422567526499430801 10.621921 12 3 
2450 0.10304937557298310402 10.636853 12 2 
2500 0.10437107086181640625 10.639924 12 3 
2550 0.10146253249224494730 10.642557 12 3 
2600 0.10525446671705979140 10.740658 12 3 
2650 0.10437875423791273533 10.741011 12 2 
2700 0.10525208932382089377 10.746648 12 2 
2750 0.10142066261985084596 10.745524 12 2 
2800 0.10302066802978515625 10.750400 12 2 
2850 0.10205068086322985343 10.777516 12 3 
2900 0.10339309429300241883 10.776369 12 2 
2950 0.10357064715886520057 10.784722 12 2 
3000 0.10425011316935221817 10.787493 12 2 
3050 0.10385669645715932263 10.789056 12 2 
3100 0.10380206569548576512 11.042919 12 2 
3150 0.10464532034737723809 11.046590 12 3 
3200 0.10553523898124694824 11.049497 12 2 
3250 0.10491444514347957051 11.047846 12 2 
3300 0.10406465241403291266 11.047236 12 1 
3350 0.10385513305664062500 11.057860 12 3 
3400 0.10382778504315544332 11.059412 12 3 
3450 0.10620545649874037208 11.062867 12 2 
3500 0.10463237762451171875 11.067549 12 2 
3550 0.10330777772715393770 11.067549 12 3 
3600 0.10385182168748643972 11.120422 12 3 
3650 0.10430322934503424848 11.119079 12 2 
3700 0.10385577743117874183 11.118800 12 2 
3750 0.10477447509765625000 11.120696 12 2 
3800 0.10454654693603515625 11.122689 12 2 
3850 0.10399570712795505600 11.135236 12 1 
3900 0.10471649658985626719 11.136405 12 1 
3950 0.10382555708100524305 11.136316 12 2 
4000 0.10537564754486083984 11.141652 12 2 
4050 0.10516143139497732828 11.141684 12 3 
4100 0.10855314208240043894 11.573476 13 2 
4150 0.10579695184546780706 11.573566 13 3 
4200 0.10593561899094354473 11.576029 13 3 
4250 0.10560764985926010540 11.576546 13 3 
4300 0.10546418123467024563 11.578628 13 3 
4350 0.10686907274969692505 11.578287 13 2 
4400 0.10536583987149325536 11.586330 13 3 
4450 0.10635075944193293773 11.589178 13 1 
4500 0.10649787055121527624 11.592289 13 3 
4550 0.10669624412452781426 11.590580 13 3 
4600 0.10724534159121305865 11.591822 13 3 
4650 0.10852762447890415554 11.621890 13 2 
4700 0.10619772241470661067 11.622664 13 4 
4750 0.10619263899953741703 11.623021 13 3 
4800 0.10642608006795246933 11.626671 13 3 
4850 0.10606136518655363832 11.625610 13 3 
4900 0.10603593320262674760 11.636757 13 2 
4950 0.10661067384662049895 11.635364 13 3 
5000 0.10608577728271484375 11.639972 13 3 
5050 0.10546599284257038298 11.641006 13 4 
5100 0.10916579003427542838 11.640039 13 2 
5150 0.10694763035450166599 11.738159 13 4 
5200 0.10745892157921424492 11.739667 13 3 
5250 0.10684967041015625000 11.739977 13 2 
5300 0.10671120769572707554 11.739753 13 3 
5350 0.10670991701500437410 11.741813 13 2 
5400 0.10670070294980649184 11.746950 13 3 
5450 0.10729273524853068233 11.746281 13 3 
5500 0.10790868238969282544 11.744605 13 4 
5550 0.10779741648081186955 11.748814 13 4 
5600 0.10679236480167933476 11.749589 13 3 
5650 0.10746601408561773372 11.776759 13 3 
5700 0.10754811136346113798 11.776198 13 3 
5750 0.10689859804899795592 11.776790 13 3 
5800 0.10703514362203664367 11.779526 13 3 
5850 0.10730058718950320762 11.775470 13 4 
5900 0.10989399279578257462 11.786088 13 4 
5950 0.10769307112493434198 11.786908 13 2 
6000 0.10706901550292968750 11.785762 13 3 
6050 0.10691595471594944611 11.788051 13 2 
6100 0.10715468985135437330 11.789185 13 2 
6150 0.10852115910227705387 12.042135 13 3 
6200 0.10781018964705928187 12.044224 13 1 
6250 0.10958023071289062222 12.043870 13 4 
6300 0.10857241494315010566 12.045287 13 3 
6350 0.10873989796075295144 12.045850 13 2 
6400 0.10860525071620941162 12.049064 13 2 
6450 0.10813668716785519719 12.048177 13 3 
6500 0.10814446669358473985 12.048380 13 3 
6550 0.10849319341528507188 12.049493 13 3 
6600 0.11075771216190222201 12.049895 13 4 
6650 0.10800469190554511101 12.050038 13 3 
6700 0.10797087825945954342 12.060891 13 2 
6750 0.10881176701298465870 12.062784 13 4 
6800 0.10806392220889821099 12.061884 13 4 
6850 0.10801127357204465262 12.063645 13 3 
6900 0.10927967403246008349 12.061778 13 3 
6950 0.10850480992159397542 12.063728 13 2 
7000 0.10867527553013392461 12.065813 13 3 
7050 0.10781288146972656250 12.066150 13 2 
7100 0.10832799992091218799 12.066306 13 3 
7150 0.10815733796233063801 12.066295 13 2 
7200 0.11069277922312419082 12.119099 13 2 
7250 0.11025724739863954071 12.118542 13 4 
7300 0.11014742394016213689 12.119907 13 3 
7350 0.10908801539414593462 12.119087 13 3 
7400 0.10832161516756624864 12.120401 13 4 
7450 0.10837644538623374124 12.122591 13 4 
7500 0.11170005798339843750 12.122061 13 3 
7550 0.10852876877942621570 12.120902 13 4 
7600 0.10853503879747893046 12.123880 13 4 
7650 0.10821055742650249887 12.123497 13 3 
7700 0.10829033789696632106 12.138590 13 3 
7750 0.11271507509293095251 12.137492 13 2 
7800 0.11438253598335461347 12.136883 13 3 
7850 0.11337638660600990459 12.137841 13 3 
7900 0.11375131486337396181 12.136297 13 2 
7950 0.11335918738407159412 12.141335 13 3 
8000 0.11015623807907104492 12.138488 13 3 
8050 0.10856871279130070329 12.141645 13 4 
8100 0.10982795997902199125 12.143283 13 2 
8150 0.10865217337579083368 12.143550 13 3 
8200 0.11033372181217844521 12.574194 14 3 
8250 0.11221452192826704419 12.573798 14 2 
8300 0.11037889733371963885 12.573230 14 2 
8350 0.11052485711560278148 12.576314 14 3 
8400 0.11063218116760253906 12.574723 14 4 
8450 0.11034181132119082192 12.577586 14 3 
8500 0.11304715100456685928 12.578259 14 4 
8550 0.11091845774511147060 12.576510 14 3 
8600 0.11091869930888331730 12.579544 14 3 
8650 0.11087180562102036396 12.579388 14 3 
8700 0.11117704983415274689 12.578438 14 2 
8750 0.11167226518903460020 12.586466 14 3 
8800 0.11065819046714088503 12.588565 14 2 
8850 0.11094950013241525189 12.587560 14 3 
8900 0.11079900720146264315 12.587697 14 4 
8950 0.11338122064174886716 12.587893 14 4 
9000 0.11067999733818902064 12.592643 14 3 
9050 0.11061805387886848584 12.591243 14 4 
9100 0.11201324043693122734 12.591881 14 2 
9150 0.11109810709301891352 12.592362 14 2 
9200 0.11084494383438774079 12.592367 14 4 
9250 0.11116826856458508765 12.621520 14 3 
9300 0.11123431626186576493 12.621818 14 4 
9350 0.11173671579615955529 12.622417 14 3 
9400 0.11201665756550241437 12.622818 14 3 
9450 0.11088759810836226749 12.621793 14 4 
9500 0.11145215285451788578 12.623315 14 4 
9550 0.11147828626383037010 12.624674 14 4 
9600 0.11240119735399882461 12.625427 14 3 
9650 0.11127155679495223661 12.625161 14 3 
9700 0.11163003665884745075 12.624745 14 4 
9750 0.11088517995981070352 12.636049 14 2 
9800 0.11247153184851821361 12.636046 14 4 
9850 0.11169898328442258439 12.635260 14 3 
9900 0.11086150853320805854 12.636983 14 2 
9950 0.11154706753678057807 12.637244 14 3 
10000 0.11129903793334960938 12.640003 14 3 
