1000 3.26657295227050781250 500.500000 1000 1 
1050 2.59467533656529036890 525.500000 1050 1 
1100 2.36944718794389208583 550.500000 1100 1 
1150 2.28550123131793458953 575.500000 1150 1 
1200 2.26338704427083348136 600.500000 1200 1 
1250 2.23293304443359375000 625.500000 1250 1 
1300 2.19766910259540271255 650.500000 1300 1 
1350 2.15724662498191532833 675.500000 1350 1 
1400 2.16824667794363845630 700.500000 1400 1 
1450 2.25724845096982740245 725.500000 1450 1 
1500 2.32235590616861964364 750.500000 1500 1 
1550 2.29497109690020151263 775.500000 1550 1 
1600 2.46748328208923339844 800.500000 1600 1 
1650 2.51654422644412889554 825.500000 1650 1 
1700 2.54140180699965512190 850.500000 1700 1 
1750 2.60611942836216536890 875.500000 1750 1 
1800 2.81148486667209196455 900.500000 1800 1 
1850 2.89749454807590778316 925.500000 1850 1 
1900 2.90456571077045655471 950.500000 1900 1 
1950 2.95162200927734375000 975.500000 1950 1 
2000 2.97045707702636718750 1000.500000 2000 1 
2050 3.11642158322217976973 1025.500000 2050 1 
2100 3.17039943876720631266 1050.500000 2100 1 
2150 3.00429588140443293298 1075.500000 2150 1 
2200 3.33049080588600832087 1100.500000 2200 1 
2250 3.39317321777343750000 1125.500000 2250 1 
2300 3.53429628455120603547 1150.500000 2300 1 
2350 3.55192955504072482853 1175.500000 2350 1 
2400 3.57011953989664698739 1200.500000 2400 1 
2450 3.85985082509566312936 1225.500000 2450 1 
2500 3.58772277832031250000 1250.500000 2500 1 
2550 3.79730673397288587267 1275.500000 2550 1 
2600 4.00038865896371653719 1300.500000 2600 1 
2650 4.03233294217091664535 1325.500000 2650 1 
2700 4.15060255262586785818 1350.500000 2700 1 
2750 4.00725277987393457835 1375.500000 2750 1 
2800 4.22648021153041320019 1400.500000 2800 1 
2850 4.10774297881544647737 1425.500000 2850 1 
2900 4.43458557128906250000 1450.500000 2900 1 
2950 4.67138775324417387935 1475.500000 2950 1 
3000 4.71377372741699218750 1500.500000 3000 1 
3050 4.79448037069351951089 1525.500000 3050 1 
3100 4.88704250704857567911 1550.500000 3100 1 
3150 5.02336592901320688753 1575.500000 3150 1 
3200 5.14328479766845703125 1600.500000 3200 1 
3250 4.57616952749398997469 1625.500000 3250 1 
3300 4.91301218668619821273 1650.500000 3300 1 
3350 5.09375956521105432984 1675.500000 3350 1 
3400 5.20650078268612137578 1700.500000 3400 1 
3450 4.79815662771031448131 1725.500000 3450 1 
3500 5.36121640886579253760 1750.500000 3500 1 
3550 5.34225517595317977992 1775.500000 3550 1 
3600 5.38064373864067935216 1800.500000 3600 1 
3650 5.64947520216850396224 1825.500000 3650 1 
3700 5.74975400357633059656 1850.500000 3700 1 
3750 5.87781270345052053727 1875.500000 3750 1 
3800 5.80291999013800374740 1900.500000 3800 1 
3850 5.59138013170911118976 1925.500000 3850 1 
3900 6.18188809125851346238 1950.500000 3900 1 
3950 6.24288486529000241632 1975.500000 3950 1 
4000 6.52503967285156250000 2000.500000 4000 1 
4050 6.06943059850622113061 2025.500000 4050 1 
4100 6.53609996888695654604 2050.500000 4100 1 
4150 6.06330044298286896520 2075.500000 4150 1 
4200 6.51654743012927806234 2100.500000 4200 1 
4250 6.67358847225413587267 2125.500000 4250 1 
4300 6.65082487949105161107 2150.500000 4300 1 
4350 6.65259087222746092749 2175.500000 4350 1 
4400 6.89381902868097462544 2200.500000 4400 1 
4450 7.10123040702905505839 2225.500000 4450 1 
4500 7.23971260918511294591 2250.500000 4500 1 
4550 7.30582645961216492481 2275.500000 4550 1 
4600 7.41072323011315425845 2300.500000 4600 1 
4650 7.50664741762222753607 2325.500000 4650 1 
4700 7.36576445559237846794 2350.500000 4700 1 
4750 7.41547032406455564058 2375.500000 4750 1 
4800 7.45763381322224905290 2400.500000 4800 1 
4850 7.75691160221689735010 2425.500000 4850 1 
4900 7.66379492623465363721 2450.500000 4900 1 
4950 8.17602330988103709331 2475.500000 4950 1 
5000 8.27541351318359375000 2500.500000 5000 1 
5050 8.16996734921294809340 2525.500000 5050 1 
5100 8.15732806336646021350 2550.500000 5100 1 
5150 8.27969856632565992527 2575.500000 5150 1 
5200 8.39325097891000559969 2600.500000 5200 1 
5250 8.33320617675781250000 2625.500000 5250 1 
5300 8.46619875925891740565 2650.500000 5300 1 
5350 8.58529705867589143509 2675.500000 5350 1 
5400 8.72766530072247626038 2700.500000 5400 1 
5450 8.85119131945688764063 2725.500000 5450 1 
5500 8.84177468039772662678 2750.500000 5500 1 
5550 8.99963550739460238503 2775.500000 5550 1 
5600 9.05398811612810483496 2800.500000 5600 1 
5650 8.99462573296200851303 2825.500000 5650 1 
5700 9.20647069027549314058 2850.500000 5700 1 
5750 9.31909809941830857838 2875.500000 5750 1 
5800 9.41917814057448765652 2900.500000 5800 1 
5850 9.64776063576722719972 2925.500000 5850 1 
5900 9.69401860641220913806 2950.500000 5900 1 
5950 9.82753368986754871628 2975.500000 5950 1 
6000 9.96275742848714251920 3000.500000 6000 1 
6050 9.81531852533009363526 3025.500000 6050 1 
6100 9.56965274498110929358 3050.500000 6100 1 
6150 9.89510761043889708333 3075.500000 6150 1 
6200 9.87172126770019531250 3100.500000 6200 1 
6250 10.11196136474609375000 3125.500000 6250 1 
6300 10.10822871374705478331 3150.500000 6300 1 
6350 10.35037003164216251605 3175.500000 6350 1 
6400 10.24968922138214111328 3200.500000 6400 1 
6450 10.43149667192799157078 3225.500000 6450 1 
6500 10.27485040517953684969 3250.500000 6500 1 
6550 10.62749906350638084973 3275.500000 6550 1 
6600 10.31463796442205271831 3300.500000 6600 1 
6650 10.75163819736107839731 3325.500000 6650 1 
6700 10.84558999360497288933 3350.500000 6700 1 
6750 11.23527244285300952242 3375.500000 6750 1 
6800 11.03576491860782482490 3400.500000 6800 1 
6850 10.92141562134680121687 3425.500000 6850 1 
6900 11.19427059007727542905 3450.500000 6900 1 
6950 11.14337564372330291462 3475.500000 6950 1 
7000 10.95652580261230468750 3500.500000 7000 1 
7050 11.45481217837502718737 3525.500000 7050 1 
7100 11.07686002489546694960 3550.500000 7100 1 
7150 11.65766816039185371778 3575.500000 7150 1 
7200 11.49303383297390368512 3600.500000 7200 1 
7250 11.35526854416419695326 3625.500000 7250 1 
7300 11.83039521517818926100 3650.500000 7300 1 
7350 11.79500501983019766783 3675.500000 7350 1 
7400 11.74172839602908524625 3700.500000 7400 1 
7450 11.73864275017040625926 3725.500000 7450 1 
7500 11.85801823933919330045 3750.500000 7500 1 
7550 11.98263357806679429984 3775.500000 7550 1 
7600 12.01165349859940434385 3800.500000 7600 1 
7650 12.06161149966171386438 3825.500000 7650 1 
7700 12.16129823164506440492 3850.500000 7700 1 
7750 11.98700935609879003607 3875.500000 7750 1 
7800 12.12437947591145892545 3900.500000 7800 1 
7850 12.31078129665107567803 3925.500000 7850 1 
7900 12.41321805157238955530 3950.500000 7900 1 
7950 12.26716071554699816204 3975.500000 7950 1 
8000 12.31580972671508789062 4000.500000 8000 1 
8050 12.52781530344708293967 4025.500000 8050 1 
8100 12.78880201740029498580 4050.500000 8100 1 
8150 12.28721595249293052632 4075.500000 8150 1 
8200 12.46298231729647021382 4100.500000 8200 1 
8250 12.67193302963719148124 4125.500000 8250 1 
8300 12.80784606933593750000 4150.500000 8300 1 
8350 12.78683097062710594116 4175.500000 8350 1 
8400 13.26084136962890625000 4200.500000 8400 1 
8450 12.56615452512481567737 4225.500000 8450 1 
8500 12.77990902171415399380 4250.500000 8500 1 
8550 13.11120931168048642235 4275.500000 8550 1 
8600 13.05266868236452992846 4300.500000 8600 1 
8650 13.06186521673478218020 4325.500000 8650 1 
8700 13.21787121652186591803 4350.500000 8700 1 
8750 13.14552852085658507519 4375.500000 8750 1 
8800 13.39403065768155265403 4400.500000 8800 1 
8850 13.65068942140051255763 4425.500000 8850 1 
8900 13.43223486053809700991 4450.500000 8900 1 
8950 13.41185756235815240700 4475.500000 8950 1 
9000 13.32730717129177477887 4500.500000 9000 1 
9050 13.63664700840059573750 4525.500000 9050 1 
9100 13.45173343197330062537 4550.500000 9100 1 
9150 13.71438386010341936583 4575.500000 9150 1 
9200 13.84732515915580464139 4600.500000 9200 1 
9250 14.01406365471917148113 4625.500000 9250 1 
9300 13.96068962671423463462 4650.500000 9300 1 
9350 13.75685401141324781804 4675.500000 9350 1 
9400 14.02142200064151822403 4700.500000 9400 1 
9450 14.08584534175812308376 4725.500000 9450 1 
9500 14.20161598607113440096 4750.500000 9500 1 
9550 14.14386389767312302013 4775.500000 9550 1 
9600 14.49103156725565533236 4800.500000 9600 1 
9650 14.36389172015412540873 4825.500000 9650 1 
9700 14.32637578433321934313 4850.500000 9700 1 
9750 14.15167099390274429993 4875.500000 9750 1 
9800 14.40598040210957364593 4900.500000 9800 1 
9850 14.50269960509944056071 4925.500000 9850 1 
9900 14.59140970249368685074 4950.500000 9900 1 
9950 14.96041839446254684276 4975.500000 9950 1 
10000 14.72439765930175781250 5000.500000 10000 1 
