1000 0.66471099853515625000 8.987000 10 1 
1050 0.12692951020740328438 9.060952 11 1 
1100 0.12874603271484375000 9.149091 11 1 
1150 0.12916067372197689855 9.229565 11 1 
1200 0.12457370758056640625 9.303333 11 1 
1250 0.13141632080078125000 9.371200 11 1 
1300 0.11462431687575119765 9.433846 11 1 
1350 0.13015888355396412757 9.491852 11 1 
1400 0.15037400381905691171 9.545714 11 1 
1450 0.11953814276333513122 9.595862 11 1 
1500 0.12715657552083334259 9.642667 11 1 
1550 0.12566966395224293818 9.686452 11 1 
1600 0.11578202247619628906 9.727500 11 1 
1650 0.12079874674479167129 9.766061 11 1 
1700 0.12075199800379135540 9.802353 11 1 
1750 0.11702946254185267461 9.836571 11 1 
1800 0.12013647291395398997 9.868889 11 1 
1850 0.11804941538217905705 9.899459 11 1 
1900 0.11469188489412006360 9.928421 11 1 
1950 0.12422219300881409687 9.955897 11 1 
2000 0.13840198516845703125 9.982000 11 1 
2050 0.12281464367378049085 10.008293 12 1 
2100 0.12613478161039806680 10.055714 12 1 
2150 0.12386676877043968636 10.100930 12 1 
2200 0.12733719565651632766 10.144091 12 1 
2250 0.12344784206814235494 10.185333 12 1 
2300 0.12345935987389605737 10.224783 12 1 
2350 0.13402167786943150474 10.262553 12 1 
2400 0.11752049128214518692 10.298750 12 1 
2450 0.13166544388751594274 10.333469 12 1 
2500 0.12331008911132812500 10.366800 12 1 
2550 0.12734357048483455066 10.398824 12 1 
2600 0.13122191795935997383 10.429615 12 1 
2650 0.13000560256670107284 10.459245 12 1 
2700 0.12645015010127313992 10.487778 12 1 
2750 0.11842901056463067677 10.515273 12 1 
2800 0.12014593396868024355 10.541786 12 1 
2850 0.13384902686403507555 10.567368 12 1 
2900 0.11822272991311960633 10.592069 12 1 
2950 0.11929010940810381991 10.615932 12 1 
3000 0.12127558390299479629 10.639000 12 1 
3050 0.12241426061411372905 10.661311 12 1 
3100 0.12090129237021168818 10.682903 12 1 
3150 0.12957860553075398191 10.703810 12 1 
3200 0.12204051017761230469 10.724063 12 1 
3250 0.11715522179236778633 10.743692 12 1 
3300 0.12636184692382812500 10.762727 12 1 
3350 0.12881720243994868036 10.781194 12 1 
3400 0.12986800249885110947 10.799118 12 1 
3450 0.12031499890313632206 10.816522 12 1 
3500 0.13262884957449777579 10.833429 12 1 
3550 0.13727537343199824882 10.849859 12 1 
3600 0.13238853878445094869 10.865833 12 1 
3650 0.13077095763324059208 10.881370 12 1 
3700 0.12713509636956291105 10.896486 12 1 
3750 0.12931823730468750000 10.911200 12 1 
3800 0.13476923892372533187 10.925526 12 1 
3850 0.13066576672838881024 10.939481 12 1 
3900 0.12257160284580329024 10.953077 12 1 
3950 0.12699561783030063888 10.966329 12 1 
4000 0.13589859008789062500 10.979250 12 1 
4050 0.12939358934944059087 10.991852 12 1 
4100 0.12833897660418255859 11.005366 13 1 
4150 0.14098293810005646520 11.029398 13 1 
4200 0.13680685134161085781 11.052857 13 1 
4250 0.13256072998046875000 11.075765 13 1 
4300 0.13301538866619730395 11.098140 13 1 
4350 0.12847198837104883973 11.120000 13 1 
4400 0.13373114845969460984 11.141364 13 1 
4450 0.13565749264834972565 11.162247 13 1 
4500 0.13086530897352430247 11.182667 13 1 
4550 0.12382046206966861035 11.202637 13 1 
4600 0.12677648793096127355 11.222174 13 1 
4650 0.12577220957766296894 11.241290 13 1 
4700 0.13356513165413064215 11.260000 13 1 
4750 0.12990048057154604533 11.278316 13 1 
4800 0.13252099355061849884 11.296250 13 1 
4850 0.14939259008033989318 11.313814 13 1 
4900 0.13132484591737084156 11.331020 13 1 
4950 0.12643409497810131903 11.347879 13 1 
5000 0.16570091247558593750 11.364400 13 1 
5050 0.12836833991626700469 11.380594 13 1 
5100 0.13519735897288603921 11.396471 13 1 
5150 0.14328262180957979099 11.412039 13 1 
5200 0.12732469118558442656 11.427308 13 1 
5250 0.12920016334170386640 11.442286 13 1 
5300 0.12991563329156838313 11.456981 13 1 
5350 0.15076075758889456724 11.471402 13 1 
5400 0.13135097644947194007 11.485556 13 1 
5450 0.13255198067481363533 11.499450 13 1 
5500 0.13490156693892044193 11.513091 13 1 
5550 0.13484611167564047873 11.526486 13 1 
5600 0.13398272650582448984 11.539643 13 1 
5650 0.14495005649802958358 11.552566 13 1 
5700 0.13205043056554960357 11.565263 13 1 
5750 0.13028020444123641908 11.577739 13 1 
5800 0.13236341805293641571 11.590000 13 1 
5850 0.13314760648287260469 11.602051 13 1 
5900 0.13270620572364935641 11.613898 13 1 
5950 0.12982793214942225934 11.625546 13 1 
6000 0.13093153635660806366 11.637000 13 1 
6050 0.12724852758990831680 11.648264 13 1 
6100 0.13406159447841956012 11.659344 13 1 
6150 0.13153727461652056641 11.670244 13 1 
6200 0.13970559643160912477 11.680968 13 1 
6250 0.13351440429687500000 11.691520 13 1 
6300 0.13790433368985616225 11.701905 13 1 
6350 0.13430287518839198468 11.712126 13 1 
6400 0.13768672943115234375 11.722188 13 1 
6450 0.12955924337224442033 11.732093 13 1 
6500 0.13413796058067908867 11.741846 13 1 
6550 0.13060242165135974024 11.751450 13 1 
6600 0.13589859008789062500 11.760909 13 1 
6650 0.13175763581928454093 11.770226 13 1 
6700 0.13579183550023321558 11.779403 13 1 
6750 0.13231348108362267491 11.788444 13 1 
6800 0.13288329629337086724 11.797353 13 1 
6850 0.13964019552634579502 11.806131 13 1 
6900 0.13133753900942596315 11.814783 13 1 
6950 0.14229644116737860671 11.823309 13 1 
7000 0.13460431780133927382 11.831714 13 1 
7050 0.12834021385679852956 11.840000 13 1 
7100 0.13438748641752859547 11.848169 13 1 
7150 0.13238066559904940189 11.856224 13 1 
7200 0.14368030760023328685 11.864167 13 1 
7250 0.13930222083782328735 11.872000 13 1 
7300 0.13495144778735015945 11.879726 13 1 
7350 0.13046524151652849621 11.887347 13 1 
7400 0.14856054976179794425 11.894865 13 1 
7450 0.13802675592819316219 11.902282 13 1 
7500 0.13608932495117187500 11.909600 13 1 
7550 0.13433544841033734363 11.916821 13 1 
7600 0.13530254364013671875 11.923947 13 1 
7650 0.12943168091618156845 11.930980 13 1 
7700 0.13500064998478084055 11.937922 13 1 
7750 0.13539098924206149910 11.944774 13 1 
7800 0.13220004546336638906 11.951538 13 1 
7850 0.13548857087542295896 11.958217 13 1 
7900 0.13279009468947786110 11.964810 13 1 
7950 0.13435411753144654856 11.971321 13 1 
8000 0.12844800949096679688 11.977750 13 1 
8050 0.13363287315605590355 11.984099 13 1 
8100 0.13760578485182772823 11.990370 13 1 
8150 0.13904337502696031970 11.996564 13 1 
8200 0.13179895354480278269 12.003780 14 1 
8250 0.14079700816761364646 12.015879 14 1 
8300 0.13785189892872271034 12.027831 14 1 
8350 0.13579865415653069594 12.039641 14 1 
8400 0.13706229981921969063 12.051310 14 1 
8450 0.13337332821456637788 12.062840 14 1 
8500 0.13413148767807903106 12.074235 14 1 
8550 0.13803180895353617252 12.085497 14 1 
8600 0.13212824976721473935 12.096628 14 1 
8650 0.13569186877653088841 12.107630 14 1 
8700 0.13655629651299838745 12.118506 14 1 
8750 0.13468606131417409921 12.129257 14 1 
8800 0.13102184642444958396 12.139886 14 1 
8850 0.13569654044458420716 12.150395 14 1 
8900 0.13287147779143257398 12.160787 14 1 
8950 0.13553896429818435010 12.171061 14 1 
9000 0.13436211480034720989 12.181222 14 1 
9050 0.13672844481073032075 12.191271 14 1 
9100 0.13361920367230425977 12.201209 14 1 
9150 0.13817854917765967637 12.211038 14 1 
9200 0.13120796369469683862 12.220761 14 1 
9250 0.13539597794816299325 12.230378 14 1 
9300 0.13505258867817540591 12.239892 14 1 
9350 0.13550335073216077109 12.249305 14 1 
9400 0.13315931279608544946 12.258617 14 1 
9450 0.13184925866505456393 12.267831 14 1 
9500 0.13130589535361841813 12.276947 14 1 
9550 0.13441315496155104015 12.285969 14 1 
9600 0.13637046019236245820 12.294896 14 1 
9650 0.13470032054525582499 12.303731 14 1 
9700 0.13415346440580702692 12.312474 14 1 
9750 0.13649769318409454844 12.321128 14 1 
9800 0.14195636827118543466 12.329694 14 1 
9850 0.13816175121946383531 12.338173 14 1 
9900 0.13373114845969460984 12.346566 14 1 
9950 0.13511983593504631185 12.354874 14 1 
10000 0.13585090637207031250 12.363100 14 1 
