100 0.00000774723529815674 647.566430 1110 510 
110 0.00000857701063156128 732.572620 1255 584 
120 0.00000951087474822998 819.129660 1313 649 
130 0.00001043443679809570 907.572180 1424 728 
140 0.00001180748462677002 997.706130 1597 808 
150 0.00001259712934494019 1088.465200 1761 882 
160 0.00001355602264404297 1181.184710 2042 949 
170 0.00001463969945907593 1274.338370 2117 1031 
180 0.00001533693313598633 1369.369470 2126 1110 
190 0.00001627007722854614 1465.346800 2281 1182 
200 0.00001730939626693726 1563.160240 2320 1267 
210 0.00001830945253372192 1661.817840 2644 1358 
220 0.00001940120458602905 1759.922310 2787 1432 
230 0.00002052594423294067 1860.383890 2954 1519 
240 0.00002162016868591309 1961.682600 2997 1601 
250 0.00002260412216186523 2061.978360 3224 1695 
260 0.00002350935220718384 2164.807680 3173 1769 
270 0.00002457941770553589 2268.516290 3518 1841 
280 0.00002571477174758911 2371.495680 3559 1961 
290 0.00002774336576461792 2476.388120 3903 2052 
300 0.00002823291301727295 2582.103020 4114 2134 
310 0.00002926789999008179 2687.755090 4003 2228 
320 0.00003047027111053467 2795.050920 4136 2315 
330 0.00003116044282913208 2901.009970 4414 2405 
340 0.00003375214815139770 3010.669930 4439 2501 
350 0.00003399596214294434 3119.274290 4701 2593 
360 0.00003519040822982788 3227.605590 5098 2696 
370 0.00003640530109405517 3336.512860 4901 2796 
380 0.00003675106763839722 3447.814920 5338 2876 
390 0.00003831444978713989 3557.266330 5342 2986 
400 0.00003890824556350708 3668.874150 5298 3077 
410 0.00004042606115341187 3780.615610 5523 3164 
420 0.00004160982847213745 3894.761450 5648 3254 
430 0.00004290464639663696 4004.968470 6029 3319 
440 0.00004398985862731934 4119.651720 6202 3426 
450 0.00004543789863586426 4231.557650 6020 3549 
460 0.00004643419742584229 4347.536140 6472 3630 
470 0.00004723610401153564 4459.327050 6678 3741 
480 0.00004862565517425537 4577.350930 6694 3803 
490 0.00005006904125213623 4689.682110 6822 3877 
500 0.00005036280155181885 4806.913270 6731 4042 
510 0.00005143464803695679 4921.294270 7276 4161 
520 0.00005243339776992798 5038.223730 7396 4219 
530 0.00005358538866043091 5156.890980 7383 4240 
540 0.00005492480754852295 5274.096720 8006 4441 
550 0.00005644118785858155 5391.125640 7589 4533 
560 0.00005751127481460572 5507.349390 8543 4649 
570 0.00005901397943496704 5624.387560 8630 4741 
580 0.00005954928874969482 5747.165880 8400 4802 
590 0.00006105584144592286 5863.283730 8569 4964 
600 0.00006272793054580688 5982.674300 8743 5075 
610 0.00006327875614166260 6102.871390 8844 5185 
620 0.00006456166982650757 6224.537920 8781 5294 
630 0.00006714264631271362 6344.442530 8901 5373 
640 0.00006677525043487548 6462.623680 9121 5499 
650 0.00006846701860427857 6583.722170 9682 5581 
660 0.00006869715213775634 6706.718630 9307 5627 
670 0.00007011430978775025 6831.977780 10261 5788 
680 0.00007146767377853394 6953.578860 10115 5912 
690 0.00007254094600677490 7071.857130 9915 5951 
700 0.00007355819702148438 7195.156410 10232 6046 
710 0.00007480173349380494 7317.994370 10479 6194 
720 0.00007624334573745728 7443.032280 10559 6323 
730 0.00007758694410324096 7565.033230 11216 6338 
740 0.00007958275794982911 7686.433480 11305 6503 
750 0.00007983375072479248 7811.082040 11689 6616 
760 0.00008121469497680664 7933.040150 11300 6757 
770 0.00008256992101669312 8059.473060 11311 6854 
780 0.00008357318639755248 8188.038270 12472 6964 
790 0.00008511631488800048 8306.299870 11916 7079 
800 0.00008621107101440430 8437.127080 12223 7132 
810 0.00008697098493576050 8559.327140 12289 7259 
820 0.00008838350772857665 8686.303610 12459 7412 
830 0.00008921836853027344 8812.003000 12280 7461 
840 0.00009064364910125733 8937.802210 12439 7620 
850 0.00009213275671005249 9065.821440 13321 7721 
860 0.00009335349082946777 9191.431900 13357 7756 
870 0.00009475275039672851 9317.830190 14177 7921 
880 0.00009573516130447388 9444.086600 13751 8045 
890 0.00009712669610977173 9570.774230 14547 8181 
900 0.00009798946857452392 9699.592880 13623 8162 
910 0.00009915521860122681 9823.696500 13592 8421 
920 0.00010054596424102784 9955.306410 13649 8531 
930 0.00010139225482940674 10082.120730 14483 8585 
940 0.00010317219257354737 10209.900310 14943 8785 
950 0.00010472004652023315 10341.850370 15075 8787 
960 0.00010639419794082642 10466.351590 14411 8904 
970 0.00010715373754501343 10595.016530 15546 9037 
980 0.00010820354938507080 10726.542930 15279 9160 
990 0.00010918387413024902 10855.431590 14908 9337 
1000 0.00011056075334548950 10986.234350 15206 9392 
