100 0.00000795255184173584 729.636290 948 649 
110 0.00000981019973754883 819.889850 1091 736 
120 0.00001036707878112793 911.929100 1219 828 
130 0.00001148694753646851 1004.944010 1277 909 
140 0.00001203435659408569 1099.620010 1435 981 
150 0.00001307599782943726 1195.399200 1570 1082 
160 0.00001442706346511841 1292.076790 1646 1172 
170 0.00001470248460769653 1389.950410 1760 1248 
180 0.00001555795669555664 1488.861220 1923 1356 
190 0.00001677363872528076 1588.704450 2086 1441 
200 0.00001781690359115601 1689.646880 2109 1543 
210 0.00001875654220581055 1791.256240 2262 1641 
220 0.00001986461400985718 1893.454570 2483 1728 
230 0.00002078009128570556 1996.661960 2607 1826 
240 0.00002184917688369751 2100.613690 2675 1916 
250 0.00002286320447921753 2205.928000 2752 2015 
260 0.00002389938831329346 2310.890650 3019 2118 
270 0.00002518096923828125 2416.904150 3107 2222 
280 0.00002637025117874145 2523.692790 3136 2307 
290 0.00002726603269577026 2630.490260 3270 2418 
300 0.00002830491304397583 2738.388520 3506 2523 
310 0.00002938324213027954 2847.877230 3576 2618 
320 0.00003056323289871216 2956.301900 3740 2724 
330 0.00003177424192428589 3065.532160 3928 2815 
340 0.00003291154623031616 3175.918610 4027 2915 
350 0.00003399964809417725 3286.427840 4099 3021 
360 0.00003498769760131836 3396.849950 4378 3126 
370 0.00003609997510910034 3508.176530 4351 3217 
380 0.00003705825567245484 3621.145760 4515 3327 
390 0.00003834659576416015 3733.034200 4568 3429 
400 0.00003946807622909546 3845.953610 4789 3543 
410 0.00004109659194946289 3959.180480 5026 3632 
420 0.00004171666383743286 4072.629180 4999 3729 
430 0.00004300052165985107 4185.999980 5325 3871 
440 0.00004409463167190552 4301.493310 5434 3962 
450 0.00004520365953445435 4415.826990 5438 4045 
460 0.00004637316703796387 4531.444910 5591 4178 
470 0.00004711097717285156 4646.755810 5932 4284 
480 0.00004849268674850464 4762.383330 5893 4402 
490 0.00004994137763977051 4878.486670 6158 4502 
500 0.00005100555419921875 4996.198190 6194 4623 
510 0.00005228850603103637 5113.627850 6314 4715 
520 0.00005341073751449585 5231.254110 6642 4830 
530 0.00005490633249282837 5348.916090 6615 4925 
540 0.00005732140064239502 5466.023160 6784 5069 
550 0.00005840841531753540 5584.802640 7272 5162 
560 0.00005955256223678589 5704.081790 7035 5276 
570 0.00005983130931854248 5822.888270 7140 5378 
580 0.00006161570549011231 5940.342570 7456 5493 
590 0.00006192517042160034 6061.846820 7634 5593 
600 0.00006245609045028687 6181.831680 7636 5735 
610 0.00006373566865921021 6300.652640 7849 5808 
620 0.00006488696098327637 6421.918670 7728 5940 
630 0.00006640352010726929 6541.479100 8196 6054 
640 0.00006770593166351319 6662.739620 8331 6170 
650 0.00006877724409103393 6784.415900 8593 6286 
660 0.00006976571559906006 6905.235150 8605 6403 
670 0.00007115183591842652 7028.409340 8614 6510 
680 0.00007234908103942872 7149.519240 9264 6619 
690 0.00007350998401641846 7271.740620 8978 6720 
700 0.00007475358247756958 7393.706200 8956 6849 
710 0.00007597893238067627 7518.588070 9540 6955 
720 0.00007689360618591308 7641.542040 9977 7087 
730 0.00007812187194824219 7765.090200 9688 7173 
740 0.00007946844100952148 7887.263580 9739 7298 
750 0.00008048542976379394 8010.098860 10036 7415 
760 0.00008157504081726074 8133.794710 10095 7533 
770 0.00008317786693572998 8258.527130 10173 7642 
780 0.00008393511295318603 8382.615560 10472 7758 
790 0.00008559750318527222 8507.935020 10822 7891 
800 0.00008682315826416015 8631.883890 10792 8029 
810 0.00008775747776031495 8757.971080 10652 8110 
820 0.00008940322637557983 8883.369850 11022 8263 
830 0.00009047006845474244 9009.227780 10882 8370 
840 0.00009161700725555420 9133.600360 11056 8460 
850 0.00009304907798767090 9257.589930 11378 8597 
860 0.00009401292324066162 9385.571340 11449 8705 
870 0.00009529014348983765 9512.001490 11904 8837 
880 0.00009782460927963257 9638.858500 12197 8935 
890 0.00010095519542694092 9764.370940 11845 9036 
900 0.00010430724382400512 9890.216480 12165 9204 
910 0.00009976218938827515 10020.261700 12252 9335 
920 0.00010142873764038086 10146.334500 12361 9424 
930 0.00010280577898025513 10272.159950 12489 9512 
940 0.00010413033962249756 10400.270060 12858 9651 
950 0.00010611441135406494 10532.068220 12975 9780 
960 0.00010774882316589356 10657.626480 12863 9870 
970 0.00010826025962829590 10785.492560 13156 10024 
980 0.00010919524669647217 10914.843490 13162 10149 
990 0.00011092251777648925 11041.023680 13682 10260 
1000 0.00011124794244766235 11170.868120 14261 10412 
