1000 0.00004015851020812989 500.500000 1000 1 
1100 0.00001277034932916815 550.500000 1100 1 
1200 0.00001114924748738607 600.500000 1200 1 
1300 0.00001283847368680514 650.500000 1300 1 
1400 0.00000865646771022252 700.500000 1400 1 
1500 0.00000652186075846354 750.500000 1500 1 
1600 0.00000414803624153137 800.500000 1600 1 
1700 0.00000349142972160788 850.500000 1700 1 
1800 0.00000339415338304308 900.500000 1800 1 
1900 0.00000315051329763312 950.500000 1900 1 
2000 0.00000309813022613525 1000.500000 2000 1 
2100 0.00000333127521333240 1050.500000 2100 1 
2200 0.00000327673825350675 1100.500000 2200 1 
2300 0.00000351843626602836 1150.500000 2300 1 
2400 0.00000433723131815592 1200.500000 2400 1 
2500 0.00000424966812133789 1250.500000 2500 1 
2600 0.00000452325894282414 1300.500000 2600 1 
2700 0.00000463627002857350 1350.500000 2700 1 
2800 0.00000485215868268694 1400.500000 2800 1 
2900 0.00000494932306223902 1450.500000 2900 1 
3000 0.00000506464640299479 1500.500000 3000 1 
3100 0.00000532380996211883 1550.500000 3100 1 
3200 0.00000596314668655396 1600.500000 3200 1 
3300 0.00000577023535063773 1650.500000 3300 1 
3400 0.00000589602133807014 1700.500000 3400 1 
3500 0.00000613743918282645 1750.500000 3500 1 
3600 0.00000619603527916802 1800.500000 3600 1 
3700 0.00000649323334565034 1850.500000 3700 1 
3800 0.00000664177693818745 1900.500000 3800 1 
3900 0.00000675928898346730 1950.500000 3900 1 
4000 0.00000698304176330566 2000.500000 4000 1 
4100 0.00000706265612346370 2050.500000 4100 1 
4200 0.00000734107834952218 2100.500000 4200 1 
4300 0.00000749904055928075 2150.500000 4300 1 
4400 0.00000770877708088268 2200.500000 4400 1 
4500 0.00000782828860812717 2250.500000 4500 1 
4600 0.00000795442125071650 2300.500000 4600 1 
4700 0.00000826658086573824 2350.500000 4700 1 
4800 0.00000869115193684896 2400.500000 4800 1 
4900 0.00000861167907714844 2450.500000 4900 1 
5000 0.00000870351791381836 2500.500000 5000 1 
5100 0.00000908141042671952 2550.500000 5100 1 
5200 0.00000920593738555908 2600.500000 5200 1 
5300 0.00000929328630555351 2650.500000 5300 1 
5400 0.00000946866141425239 2700.500000 5400 1 
5500 0.00000975660844282670 2750.500000 5500 1 
5600 0.00000979014805385045 2800.500000 5600 1 
5700 0.00001011622579474198 2850.500000 5700 1 
5800 0.00001009242287997542 2900.500000 5800 1 
5900 0.00001048948805210954 2950.500000 5900 1 
6000 0.00001046570142110189 3000.500000 6000 1 
6100 0.00001077816134593526 3050.500000 6100 1 
6200 0.00001085404426820816 3100.500000 6200 1 
6300 0.00001095302521236359 3150.500000 6300 1 
6400 0.00001132667064666748 3200.500000 6400 1 
6500 0.00001148088161761944 3250.500000 6500 1 
6600 0.00001160303751627604 3300.500000 6600 1 
6700 0.00001158233898789135 3350.500000 6700 1 
6800 0.00001181591959560619 3400.500000 6800 1 
6900 0.00001201263372448907 3450.500000 6900 1 
7000 0.00001220253535679409 3500.500000 7000 1 
7100 0.00001230478286743164 3550.500000 7100 1 
7200 0.00001240889231363932 3600.500000 7200 1 
7300 0.00001278175066595208 3650.500000 7300 1 
7400 0.00001281954146720268 3700.500000 7400 1 
7500 0.00001292222340901693 3750.500000 7500 1 
7600 0.00001304861746336284 3800.500000 7600 1 
7700 0.00001345832626540940 3850.500000 7700 1 
7800 0.00001341006694695888 3900.500000 7800 1 
7900 0.00001368655434137658 3950.500000 7900 1 
8000 0.00001374301314353943 4000.500000 8000 1 
8100 0.00001387887530856662 4050.500000 8100 1 
8200 0.00001403413167813929 4100.500000 8200 1 
8300 0.00001413483217538121 4150.500000 8300 1 
8400 0.00001443465550740560 4200.500000 8400 1 
8500 0.00001455371520098518 4250.500000 8500 1 
8600 0.00001471552737923556 4300.500000 8600 1 
8700 0.00001479285886917991 4350.500000 8700 1 
8800 0.00001476705074310303 4400.500000 8800 1 
8900 0.00001508032338003094 4450.500000 8900 1 
9000 0.00001510569784376356 4500.500000 9000 1 
9100 0.00001535525688758263 4550.500000 9100 1 
9200 0.00001538667989813763 4600.500000 9200 1 
9300 0.00001568209740423387 4650.500000 9300 1 
9400 0.00001591591124838971 4700.500000 9400 1 
9500 0.00001611461137470446 4750.500000 9500 1 
9600 0.00001607517401377360 4800.500000 9600 1 
9700 0.00001623067659201081 4850.500000 9700 1 
9800 0.00001643351146153041 4900.500000 9800 1 
9900 0.00001635534594757388 4950.500000 9900 1 
10000 0.00001688833236694336 5000.500000 10000 1 
