100 0.00000745092868804932 647.872870 1092 515 
110 0.00000834223747253418 732.655860 1328 588 
120 0.00000927613973617554 819.446400 1318 660 
130 0.00001018163442611694 907.573430 1456 736 
140 0.00001119503259658814 997.696770 1743 800 
150 0.00001203122138977051 1088.216630 1739 871 
160 0.00001298926353454590 1180.206840 1852 951 
170 0.00001397213220596313 1274.536150 2013 1032 
180 0.00001491594314575195 1370.129650 2286 1114 
190 0.00001591396570205688 1466.384020 2206 1196 
200 0.00001686588287353516 1563.926480 2396 1284 
210 0.00001787286996841431 1660.847120 2589 1357 
220 0.00001888275146484375 1760.261540 2980 1438 
230 0.00001987605333328247 1859.634300 3103 1525 
240 0.00002095508813858032 1960.732090 2993 1607 
250 0.00002190779924392700 2062.183890 3128 1702 
260 0.00002298280000686646 2165.271450 3405 1786 
270 0.00002404708385467529 2268.701540 3352 1866 
280 0.00002500449180603027 2372.374920 3740 1955 
290 0.00002609954357147217 2477.234010 3829 2065 
300 0.00002717418909072876 2581.607910 4123 2137 
310 0.00002830650329589844 2688.279380 4573 2247 
320 0.00002926700353622437 2794.367410 4265 2331 
330 0.00003033104419708252 2900.693800 4509 2394 
340 0.00003142503499984741 3010.682530 4559 2487 
350 0.00003241172313690185 3118.050640 4864 2579 
360 0.00003350892305374145 3228.004420 5023 2651 
370 0.00003461197614669800 3337.891820 5213 2791 
380 0.00003567941904067993 3446.946410 5077 2867 
390 0.00003687497138977051 3557.683210 5288 2979 
400 0.00003789961338043213 3669.597130 5421 3053 
410 0.00003915102958679199 3780.731540 5669 3123 
420 0.00004018985748291015 3892.341470 5827 3223 
430 0.00004125721931457520 4005.961890 5807 3354 
440 0.00004243269920349121 4119.266180 6049 3473 
450 0.00004352188348770141 4232.363330 6189 3466 
460 0.00004447466373443603 4346.768610 6241 3632 
470 0.00004582516908645630 4460.492450 6439 3747 
480 0.00004681218147277832 4574.995910 6506 3826 
490 0.00004791056871414185 4691.195500 7266 3955 
500 0.00004909132003784180 4805.303200 7157 4035 
510 0.00005020038366317749 4920.304760 7253 4153 
520 0.00005165370702743530 5038.440740 7206 4243 
530 0.00005278694629669190 5155.900290 7394 4363 
540 0.00005381491422653198 5274.004310 7984 4400 
550 0.00005512049436569214 5390.259460 7719 4493 
560 0.00005585347652435303 5508.688390 7871 4647 
570 0.00005740001678466797 5626.080490 8199 4751 
580 0.00005809766769409180 5747.181270 8358 4854 
590 0.00005928028106689453 5863.501250 8277 4975 
600 0.00006037820577621460 5983.144360 8549 5050 
610 0.00006150190591812134 6106.094560 8741 5137 
620 0.00006263337373733521 6223.440150 8756 5219 
630 0.00006424497604370117 6344.262540 9056 5356 
640 0.00006566051483154298 6464.698330 10129 5474 
650 0.00006621286630630493 6586.047500 9836 5550 
660 0.00006808512449264526 6708.010440 9751 5645 
670 0.00006847241640090942 6828.737330 9929 5746 
680 0.00007054352283477784 6949.424210 10011 5911 
690 0.00007106410264968873 7071.522610 9989 5984 
700 0.00007233007907867432 7194.886010 10382 6081 
710 0.00007370455503463746 7319.466200 11184 6166 
720 0.00007462048768997193 7439.897780 11604 6344 
730 0.00007547559022903442 7562.291800 10913 6400 
740 0.00007720924377441407 7688.925180 11502 6552 
750 0.00007830996751785278 7811.153550 11847 6641 
760 0.00007924560785293580 7934.223330 12157 6700 
770 0.00008079138517379761 8059.297410 11112 6837 
780 0.00008250238656997681 8187.388080 11472 6958 
790 0.00008310831546783448 8311.191960 11984 7022 
800 0.00008445413112640380 8432.260780 11554 7221 
810 0.00008525709390640259 8563.624120 12211 7278 
820 0.00008719734668731690 8685.578310 12201 7348 
830 0.00008754947900772095 8811.170000 12710 7530 
840 0.00008912898302078247 8938.307240 13910 7592 
850 0.00008997226238250732 9062.159780 12913 7669 
860 0.00009133471012115478 9191.008340 12819 7849 
870 0.00009247845411300659 9317.077740 14375 7962 
880 0.00009414548873901367 9442.144050 13011 8087 
890 0.00009488348722457886 9571.549390 14326 8168 
900 0.00009624757051467896 9702.422040 13209 8191 
910 0.00009760386466979981 9827.429280 14313 8409 
920 0.00009824644804000854 9956.411030 13713 8428 
930 0.00009962622642517090 10081.258470 14581 8578 
940 0.00010072088956832885 10212.107740 15479 8747 
950 0.00010213693380355835 10338.895780 15028 8751 
960 0.00010334393739700318 10468.278850 15017 8939 
970 0.00010467317342758179 10602.231200 14786 9113 
980 0.00011055618047714234 10727.734670 14718 9090 
990 0.00010677668809890747 10856.974680 15204 9313 
1000 0.00010826099395751953 10982.025400 15842 9224 
