1000 1.02496147155761718750 329.966000 911 1 
1050 0.69005148751395084528 221.546667 1021 1 
1100 1.79507515647194604291 493.933636 1086 9 
1150 1.25739885413128393843 433.458261 1142 5 
1200 1.86562538146972656250 611.264167 1188 31 
1250 0.79650878906250000000 285.120000 1240 1 
1300 1.76851566021259021255 562.016923 1253 1 
1350 1.29752688937717008955 412.726667 1327 1 
1400 0.82782336643763954065 270.336429 1377 1 
1450 1.34073454758216592531 433.010345 1415 1 
1500 2.31488545735677098136 762.944000 1493 15 
1550 0.70633426789314512906 229.861290 1550 1 
1600 2.06381082534790039062 681.231875 1580 1 
1650 1.69768477931167138806 546.735152 1637 1 
1700 1.12786012537339153106 363.455294 1694 1 
1750 1.46225520542689735315 481.870857 1732 1 
1800 2.72618399726019955409 817.807778 1772 15 
1850 2.23082465094489013069 647.744865 1818 1 
1900 3.86740031995271360543 1147.877895 1896 17 
1950 2.65329312055538846238 812.385641 1941 78 
2000 2.73942947387695312500 883.285500 1937 4 
2050 3.70316389130382983552 1142.138537 2034 19 
2100 3.01236198061988469377 964.414286 2041 1 
2150 1.94105991097383712152 618.779535 2113 1 
2200 2.08822163668545801585 679.165455 2185 1 
2250 2.40506066216362857091 809.439111 2245 1 
2300 2.64178151669709571081 621.224783 2243 1 
2350 3.08574514186128645576 1025.828936 2343 1 
2400 1.66853268941243482182 569.794583 2345 1 
2450 2.76010863635004799477 912.564898 2306 1 
2500 4.57334518432617187500 1442.994800 2490 18 
2550 2.56304647408279739906 845.376078 2524 1 
2600 4.44348041827862072495 1476.340769 2598 24 
2650 3.53219374170843147809 1174.835472 2604 1 
2700 1.10431953712745944962 327.396296 2672 1 
2750 2.94607335870916209331 958.574545 2668 1 
2800 5.08419104984828429394 1715.441429 2775 156 
2850 3.41574350992838526864 1086.242456 2850 73 
2900 3.38381734387627952643 1042.850690 2889 24 
2950 4.41866405939651762935 1354.594915 2939 12 
3000 1.46722793579101562500 460.179667 2971 1 
3050 2.41248334040407286238 788.001311 3011 1 
3100 4.47211727019279248196 1417.547097 3028 16 
3150 1.56682635110522072708 520.880000 3079 1 
3200 3.34732234477996826172 1027.784375 3198 1 
3250 1.79958343505859375000 574.040615 3245 1 
3300 3.20369547063654103169 1033.606364 3236 1 
3350 2.84508093079524249092 869.854328 3323 1 
3400 3.68216458488913156444 1197.307941 3396 1 
3450 5.41590262150418944032 1740.842609 3436 16 
3500 2.89528710501534591870 953.925714 3447 1 
3550 2.62461917501100350236 868.068732 3542 1 
3600 3.63594955868191194170 1167.662778 3469 1 
3650 2.79916475896965977199 929.246301 3644 1 
3700 3.79317515605204835794 1278.808919 3654 1 
3750 5.57721455891927053727 1765.190667 3739 1 
3800 2.78322320235402953514 912.478947 3702 1 
3850 2.57430138526024743229 817.485195 3827 1 
3900 2.64504016974033451248 859.304359 3895 1 
3950 4.31103042409389836109 1360.013671 3909 1 
4000 6.66433572769165039062 2139.978500 3912 26 
4050 3.02821029851466061444 939.613827 4035 1 
4100 3.61140181378620406250 1184.433902 4029 1 
4150 3.89466802757906638277 1242.506506 4115 1 
4200 3.36408615112304687500 1078.482143 4057 1 
4250 2.48426549574908106521 777.218118 4205 1 
4300 6.78123429764148788479 2201.390698 4292 8 
4350 2.86683268930720203116 931.611724 4307 1 
4400 3.97573817859996436752 1250.700000 4380 1 
4450 8.04327846912855548567 2565.809663 4379 19 
4500 4.50393888685438348318 1371.805556 4360 1 
4550 5.43201362693702805018 1647.250330 4463 1 
4600 3.02117803822393016233 931.765652 4420 1 
4650 3.31976080453524025060 1075.081075 4601 1 
4700 4.17308604463617882629 1338.052979 4581 1 
4750 2.55489349365234375000 828.536000 4725 1 
4800 4.72486019134521484375 1459.436667 4762 1 
4850 3.17258933155807021365 1031.332990 4760 1 
4900 3.05949425210758141347 946.320000 4755 1 
4950 9.41724488229462508571 2953.460606 4925 23 
5000 6.92992210388183593750 2189.725800 4992 21 
5050 5.05088579536664639136 1581.241188 5049 1 
5100 5.78183753817689183307 1822.757647 5090 2 
5150 4.31796879444307535323 1312.831456 5145 1 
5200 6.96168496058537389359 2197.106346 5155 1 
5250 6.50437672932942678727 1997.373333 5235 1 
5300 5.06324588127855967912 1541.724906 5233 1 
5350 3.71046155412620493053 1153.871028 5322 1 
5400 5.59003264815719003167 1697.044630 5325 1 
5450 4.26139306584629462549 1365.044037 5391 1 
5500 6.88344782049005665669 2154.401455 5473 1 
5550 6.16314174892666066796 1953.802162 5535 1 
5600 8.21449926921299500293 2805.669821 5591 1 
5650 3.30292018113938068424 1030.341062 5620 1 
5700 6.62372823347125105897 2119.572807 5677 1 
5750 7.80914140784222166047 2480.533391 5749 45 
5800 6.38513729490082848628 2005.129828 5787 1 
5850 11.97570409530248447538 3764.572821 5796 1 
5900 5.24270332465737531891 1604.953220 5866 1 
5950 4.42741297874130079748 1441.624706 5882 1 
6000 10.72951157887776751920 3262.340167 5937 10 
6050 4.67331941462745348304 1438.255537 6042 1 
6100 5.49128798187756128613 1680.637213 6023 1 
6150 5.30215782847830929825 1755.565041 5966 1 
6200 5.39356662381079932089 1677.730968 6067 1 
6250 5.50231933593750000000 1756.925440 6223 1 
6300 9.44799847073025134137 3017.568889 6161 1 
6350 7.00038249098409792737 2244.319843 6223 1 
6400 9.11980867385864257812 2877.503281 6392 23 
6450 5.08678051852440660241 1602.770543 6421 1 
6500 5.12834695669320872469 1638.713846 6462 1 
6550 11.05912769113788129971 3278.837710 6513 1 
6600 7.71042072411739454196 2401.954545 6474 1 
6650 7.29080429650787120721 2451.963910 6640 100 
6700 6.72838581142140856883 2066.279254 6668 1 
6750 7.22810957166883660818 2290.147704 6746 1 
6800 13.58565162209903576240 4269.402794 6796 1 
6850 8.23643955871136590474 2592.915620 6843 3 
6900 11.07032748236172459144 3488.127826 6874 176 
6950 5.52424423986201684755 1753.633813 6932 1 
7000 10.49678666251046266211 3351.502143 6937 20 
7050 7.94373505504418808698 2412.093901 7047 1 
7100 9.85833960519710039705 2917.784085 6999 27 
7150 6.61676580255681834331 1995.873007 7147 1 
7200 6.64836830563015368512 1992.059583 7197 1 
7250 4.87991859172952580082 1296.950483 7218 1 
7300 4.74645666880150329803 1329.007945 7285 1 
7350 7.15018940620681853204 2147.797687 7326 1 
7400 13.73545543567554361175 4219.629324 7393 10 
7450 4.87612397878762049430 1559.671007 7316 1 
7500 4.09835179646809866227 1202.979067 7499 1 
7550 4.94338029267772149922 1479.725695 7485 1 
7600 12.14504241943359375000 3988.767895 7593 7 
7650 15.05998224993936318583 4736.294771 7649 67 
7700 10.84745704353629847105 3335.035195 7700 12 
7750 4.61298419583228369589 1462.262323 7705 1 
7800 7.33791253505608942476 2374.961538 7796 1 
7850 8.44205261036089282811 2598.062675 7835 1 
7900 6.96966919717909405563 2146.045696 7896 1 
7950 10.57501858885183310122 3364.239245 7877 41 
8000 13.47935199737548828125 4213.243625 7977 73 
8050 9.20698509453246316525 2938.997640 7908 1 
8100 14.67993229995539117283 4648.872840 8021 36 
8150 6.87057986581252411185 2087.143558 8114 1 
8200 14.19817529073575634868 4485.557805 8189 1 
8250 11.99456417199337110446 3802.692121 8250 8 
8300 14.27995153220303059527 4636.237590 8258 1 
8350 8.43530643485977194018 2669.936287 8175 1 
8400 4.95056311289469430648 1551.162857 8319 1 
8450 11.63465736885748036400 3778.559645 8433 1 
8500 12.15298035565544587655 3814.876235 8400 23 
8550 9.67918083681697716258 3015.102807 8537 1 
8600 11.03284747101539764458 3504.472674 8277 33 
8650 10.01278099986170033731 3118.730520 8602 1 
8700 14.02180770347858285163 4351.370805 8628 24 
8750 7.33481815883091492481 2383.475771 8749 1 
8800 7.78206370093605759308 2528.734773 8751 1 
8850 9.46362813313802142545 3145.842599 8810 1 
8900 9.10509838147109817896 3041.150562 8881 1 
8950 5.39241556348747419491 1727.848492 8901 1 
9000 16.83478885226779553363 5528.375444 8967 95 
9050 9.30870435514502680974 3128.827182 9049 1 
9100 13.95893620920705302524 4280.770440 8989 1 
9150 5.78958480084528659404 1783.178033 9130 1 
9200 12.82388749329940047517 3991.490326 9150 1 
9250 14.78733887543549485599 4938.246378 9193 1 
9300 13.74675381568170351443 4263.285161 9177 1 
9350 14.39255189130650514073 4539.049947 9265 157 
9400 8.45460181540631161567 2762.920851 9383 1 
9450 15.47858828590029744987 4925.865397 9447 13 
9500 11.67377672697368495847 3779.259474 9478 129 
9550 7.04725375350233118610 2291.551832 9550 1 
9600 12.31357455253601074219 3938.156562 9591 1 
9650 16.16581733980327229006 5157.598653 9620 53 
9700 6.70863181045374901146 2134.668557 9688 1 
9750 16.16407052064553440118 5388.720205 9748 1 
9800 13.69651483029735317132 4431.531633 9785 1 
9850 11.62248214489312303499 3855.162944 9835 1 
9900 13.80315934768830921087 4437.795657 9868 44 
9950 8.01500962607225631018 2630.788241 9928 1 
10000 13.70773315429687500000 4360.084000 9980 1 
